1.7492708563804626
2.313939094543457
2.641715347766876
0.8369838893413544
0.7712371945381165
2.65017831325531
2.5774958729743958
2.447631001472473
2.1724773049354553
2.6242666244506836
0.4202479124069214
2.575541853904724
1.2871747612953186
2.6766199469566345
2.7178462147712708
2.426743984222412
2.7080878019332886
2.547134578227997
2.5678712725639343
2.213581919670105
2.618705153465271
3.7441373467445374
2.6676299571990967
1.6687782406806946
1.6657484769821167
2.6057080030441284
2.656197190284729
2.6643088459968567
2.563460946083069
2.067411720752716
1.0319401025772095
2.640031397342682
2.537087380886078
0.6459287405014038
2.5567723512649536
2.5237783193588257
2.6099457144737244
2.4996155500411987
2.575937271118164
2.4665169715881348
1.766800045967102
2.550359606742859
2.549461781978607
0.8319588899612427
2.6910203099250793
2.5309123396873474
2.5359859466552734
2.6499982476234436
1.7405860424041748
1.6600373983383179
2.543202519416809
2.4598637223243713
2.466268837451935
2.6822853684425354
2.6330845952033997
2.6332989931106567
0.8363600969314575
2.360392153263092
1.6359328031539917
1.6165939569473267
2.645643651485443
1.765121340751648
2.5751874446868896
2.6375443935394287
