0.04424457539112196
0.06877494705926387
0.10517155003110203
0.045313894748687744
0.08813811196099727
0.09836583071892414
0.030196557077792806
0.047052452323633594
0.07191909289141314
0.04034507301969266
0.09403301734443105
0.07722945798427687
0.09588365161090816
0.06554227629932788
0.09666991233825684
0.07120165064794208
0.03867401360371791
0.047507637411082555
0.06336485273247465
0.07399067200651956
0.0553790035597775
0.06981121673496492
0.09726639379055128
0.03233346835188909
0.05826308803820829
0.09946711265712703
0.05468604706842965
0.07143715926266592
0.06794034532450755
0.03194405480262336
0.09528338608391788
0.06356349587440491
0.08570758410550039
0.1368277554118305
0.09863019618419332
0.09144998635720769
0.04052452045843142
0.0755360088217149
0.05927342285803699
0.04475391184518097
0.05027604677261562
0.10072205564297668
0.08785869276851689
0.09034167872656376
0.0680180131842237
0.07351664638300555
0.10567373338095638
0.09955349181770184
0.10998859290682941
0.08867938502119221
0.057369694250439286
0.09739078020830767
0.11263646390459953
0.0610808213369562
0.0327348334526797
0.06592748197940511
0.11871860579613151
0.037861581515828406
0.05168542676015731
0.09388813458451438
0.011324842588617167
0.01163606824131187
0.04222290778378828
0.11805854806112587
0.05775009218705904
-0.007480099113709336
-0.027424454142194275
-0.012138059106441813
-0.044003232083189375
-0.018346233105440753
-0.0024344806277423825
-0.005958509007725147
0.02671923385847599
-0.06304837148123925
-0.020087238025227817
-0.03721283171155037
-0.00883005491090477
-0.06247123720449045
-0.001299874498209822
-0.08665751754690748
-0.03345318316319667
-0.028466608272779973
-0.027415270652246037
-0.0885853841217286
0.015532566593327654
-0.10451836487568847
-0.03991554253691927
0.004217424797355582
-0.04602460276096239
-0.01326967352027193
-0.06245824421217682
-0.09353990429038302
-0.0005015211367825849
-0.09250435506531951
-0.031879815760008784
-0.026031885125221463
-0.051743337867456836
-0.09399050856948993
-0.11097016356406955
-0.022617947617802052
-0.09244842102768225
-0.10184737137698252
-0.004608696480409815
-0.031787340794134575
-0.09421272589526045
0.03021945701826603
-0.023856474992332108
0.03185112788042891
0.0013928574706436297
0.042238625911397674
-0.01914232121695072
-0.09201612822506405
-0.030186639466416944
-0.05579791840063322
-0.02355564242109246
-0.012079361655296536
0.025492554410881954
0.017422037113697157
-0.06466027219361122
0.01872650691128652
-0.08786607581541078
0.01738268054953409
0.02082044460357876
0.01754547805961119
-0.008336243826314944
0.09045901183688312
-0.008658607345108591
0.03670137874577024
0.009791447481977831
0.001150228288195549
0.029995358318363856
0.006967853515520008
-0.0018977377939661708
0.0011190739246683384
0.026352612250441804
-0.01568580001866052
0.07776682529974421
-0.027013789896571307
0.02925218163280312
-0.008523350461907343
-0.009982287610342743
0.01746935062452194
-0.0038972964527410107
0.025714899421831885
0.03247229686570824
0.027727092351388493
0.05831801863985324
0.007706118286202807
-0.0024303668135896737
0.06344959057799172
0.01693539362434947
-0.031134155912136814
-0.011587253677735635
0.01909889267125261
0.009361715218342772
0.027426552881888295
-0.002963825650171402
0.0350869743649019
0.05211947133781713
0.042831715914087555
0.04913726476354337
0.005603982221095934
0.04045716392884561
0.04811480285924509
0.008425568495321712
-0.01085084704084134
0.0050543021718296435
0.017234752484417838
-0.023514350346469003
0.03763005848324627
-0.003889464183684883
0.02273646735270089
0.014510441810712902
0.05808105982771707
0.02572712958405871
-0.00990686312727972
0.005130581352688851
0.019240776059824393
0.03263952398518904
0.0034128167760481528
0.013681756520490035
0.0744887412688054
0.034730425121587354
0.05145310945467118
-0.015228831439936927
0.01696406427873384
0.1079495013306994
0.05619345345628371
0.03145548482553674
0.052138547831719076
0.020274423131155312
0.09871703878455206
0.03695289093420046
0.03311167206239263
0.011032177767622362
0.10378570157453554
-0.028818296456555707
0.007915120059197102
0.09180959813091732
0.08840559299932707
0.07795530530290866
0.013235037479925594
0.06341171291990018
0.05591391505451378
0.06413199732063013
0.08548220800697257
0.126511303383276
0.12668555045346602
0.09155088417026974
0.08247936291432162
0.09701752908732914
0.05903593307241387
0.029968856398118745
0.05002158278719001
0.01944122456629342
0.05731346601739936
0.048513964775505417
0.0656589813735507
0.05184599401753977
0.04140184559953322
0.06835079903996319
0.04356904888371809
0.09324955119999177
0.013282481956919398
0.016901126421919658
0.1443767397228731
0.06927407115971276
0.11644608821343938
0.04640695261299063
0.06596607680714459
0.05748288948601539
0.05849600357746859
0.10083964767806027
0.010816904382968168
0.07945485344720543
0.008818641441677688
0.06610169541945152
0.04055070302902012
0.0816083391872021
0.142456118119966
0.0858703996610204
0.0555889754120363
0.06355345741324468
0.028411984990496155
0.11326276490447718
0.04491043801701397
0.12150725339530805
0.034251338298167656
0.09277058358586163
0.09707015096594435
0.06843670792535904
0.11889148824805514
0.10905153844334664
0.10251741589756187
0.0843981876285798
0.1297917549216419
0.05609666371564253
0.1429329180936201
0.09062902232922546
0.06569928614371413
0.08207900234318655
0.09729600335479877
0.004717046514563604
0.030506281404320254
0.03624131099893412
0.10403670356907976
-0.04132030999988591
0.09733851732464012
0.14710311413904942
0.12605758353110846
0.10475144063660857
0.08994058786182228
0.13493947260970368
0.07250063080306447
0.08084337891788658
0.0677815897202273
0.07268467326776697
0.12082561276374607
0.0979835114894657
0.11493695520479745
0.11712834156981301
0.11285409550054358
0.10982659623163556
0.1287681588885981
0.17205203235696215
0.15007108367911173
0.17246340256218518
0.1226863967716147
0.09587480578947505
0.04813603742407003
0.09269605235222282
0.11594141677978935
0.15930319625303285
0.08348173586600417
0.13357517314613412
0.14319866540235118
0.15559685503670928
0.13106336697525933
0.15073885064606274
0.15446416965318382
0.10644732347322167
0.14197963038715747
0.13253939425179717
0.11415398886444372
0.13066409459901512
0.1725282871395076
0.14097509198232527
0.1397173024645639
0.19692945999836703
0.15774199886059542
0.12969331976470597
0.1818612977999066
0.1306655975656772
0.15628310081061966
0.14540690730471129
0.1862236739845451
0.09153293961778693
0.18781575478545023
0.12146091789280603
0.17006664128478513
0.15363336949173464
0.181061046112568
0.157418653232242
0.15075873043559013
0.14106501734584842
0.13507341436289866
0.1197370845790303
0.09063934049475084
0.13987183461495495
0.10319021426209617
0.21059063678487724
0.14359787735370322
0.19743901436482
0.1980931225719802
0.1394325442817233
0.14840789645090016
0.14328304835415762
0.11239763820936921
0.16198899029591762
0.14782807230949402
0.1534320460547001
0.19672487334373895
0.1625599303376784
0.1734589144177393
0.15802350667638515
0.11783082796892988
0.18626612206117824
0.1982521786602265
0.11118482996564392
0.17029901655442123
0.14150297122264127
0.20424290807968978
0.17785354655817015
0.17437882078896969
0.14434306091124857
0.11459826384115657
0.19873142351797962
0.14267256254449898
0.1391372431855683
0.06530426948442372
0.24631676433283253
0.16375096538744935
0.17278989301909
0.14461262264382949
0.12587330073391625
0.13989312249586122
0.11130187571595568
0.14132615759832048
0.2195682394395181
0.23829580036872025
0.1634397326259438
0.171237843025715
0.10503216456929478
0.19497634074009887
0.11213438800715525
0.19945958311404657
0.16518465996882237
0.16599874977671772
0.1860402502598019
0.21190751036372754
0.15057618710972848
0.22411517648521914
0.13635849077767187
0.16070816412978217
0.20223594204001472
0.14349576994913435
0.1303033574458656
0.15191976466310134
0.18320635480618258
0.2148205364516022
0.14260891845466894
0.13808782849836787
0.16083391954045778
0.18929979615255232
0.1544757427972391
0.20375267053962848
0.2029318877863228
0.19798939217121228
0.1803120918777011
0.14345075559178624
0.2066478764792101
0.13830226058260017
0.19211058742409454
0.23572274851142813
0.12020949048733492
0.2231434034098179
0.17566684517291709
0.17451141432884637
0.1700344197793838
0.22283124923706055
0.14475320019853224
0.145571706218457
0.14405608806041403
0.18397362270486464
0.18689537485805127
0.17846382511865108
0.1794195577092127
0.17134989839081372
0.15152335413005374
0.18294080517707614
0.1848587874972492
0.18621185121186282
0.18689264644176587
0.2273064818950968
0.2222843079938801
0.1410100747139082
0.1702114748298575
0.24607926224349835
0.20137211817120193
0.15986831499895918
0.15382867559380486
0.2073954764856111
0.1599346265333508
0.20905059001861362
0.18110932286726225
0.21597473337015974
0.2233436099433024
0.223501215013889
0.1451508132142758
0.18370366096496582
0.15478313105915664
0.21970456127726704
0.1768005878553478
0.1522985633906968
0.21650326443374704
0.2254689349493849
0.08855238748252939
0.21482235083886242
0.21517461346923758
0.18362866054981128
0.23397500635287083
0.14957569689925657
0.12669299173792567
0.17404215160859834
0.21727906782692724
0.22194863951534305
0.2726946314540478
0.17501646608387658
0.15483680230761887
0.22053481460711277
0.19473315023500984
0.275705107308309
0.14959117551462367
0.16843640312142327
0.27511144860075154
0.1543909530027197
0.21380208008879914
0.16965589993590607
0.21238424909224204
0.1858207381099736
0.1990569209286926
0.1956296636970765
0.18911516420338131
0.23656203139812573
0.1684187057368252
0.18922453298481232
0.1935055827328918
0.16377618252684217
0.1406831913584963
0.19921914973390212
0.21356530473866595
0.19022821696526412
0.1519036910949497
0.179313002923213
0.25023083812599883
0.19963819444726366
0.2595962512930599
0.2063351721938597
0.20891558795893958
0.16907611872078082
0.2416727996747428
0.211071670602221
0.22121462636037703
0.17275730322260374
0.16766965088494326
0.1542103553037031
0.15303430836135096
0.2158588493635895
0.1699039342753384
0.20745691246942644
0.16433691404281406
0.1838990034313377
0.21129078985354222
0.24702982454124942
0.20944566710279622
0.20092236995697021
0.21557450321836208
0.22972252281433944
0.2298000156879425
0.16957952396585307
0.2149699472506112
0.16472190017000252
0.18448973713664835
0.1788303223224955
0.24887857579310005
0.20229034686307296
0.19073939268742132
0.20513972038522774
0.21010733553028982
0.20792942583014112
0.23082536513652277
0.19331001497189934
0.18683538743115347
0.16629557297864092
0.1651200053341892
0.27164699369614276
0.19047225451250688
0.19794424657427936
0.2920074449219835
0.1988655268599134
0.20479213617263584
0.19759893225967337
0.23271410755061228
0.21728148154162485
0.25369898086294124
0.21142074329043747
0.23515486908615182
0.1665470296636634
0.22621044352513933
0.20606649496139737
0.20851512048222604
0.1848638689299242
0.2151144546106321
0.23453809334597456
0.18677267049430707
0.18600063285696397
0.20450071594037048
0.24972900502178647
0.17264839815437247
0.2109943920866065
0.19665137343450423
0.15532695235462363
0.1642052749975012
0.20596866952169926
0.2528543641807836
0.2531869892680317
0.20498773373595072
0.1741899374974977
0.18830384491780483
0.13840362839742537
0.249619563785168
0.17313475236980194
0.21092439490720766
0.3206755691165224
0.23897548006215227
0.15478387830454274
0.18977776579900618
0.26035472449906377
0.26502324845812736
0.23085987677267933
0.16651910734832834
0.21605280561184664
0.19595219071851958
0.2569798047936291
0.1967354867983302
0.19597918396696037
0.2578210745929578
0.2445149826347281
0.24116986907950236
0.25492600809543503
0.2046355255153201
0.1910449928099956
0.2554678515009924
0.23048712901019175
0.18756602827562105
0.21019120528063642
0.20152303494444682
0.1707721896674655
0.2822722765283847
0.19541222513268847
0.19633851822363127
0.2213213378136311
0.18719078422686375
0.2266732675766726
0.19421275001053417
0.16785939707668548
0.2581321925198266
0.20901354272431188
0.24625342728894786
0.21103313948036334
0.17417666206666088
0.17992518062985272
0.17324817782148308
0.24526384418163824
0.21675499754214506
0.21835006076261537
0.24028349332853194
0.15210665475337878
0.19506341957171028
0.23341304774678082
0.22676668528023117
0.20186605283973413
0.1969430607940079
0.23368884445330418
0.20244353900261974
0.21171024961209078
0.2748436566886552
0.24928409790774003
0.18210577992124294
0.25692297203825154
0.2181113217401942
0.2236443706061862
0.22058836938044346
0.17321041882584948
0.16426036089932153
0.23521513156934615
0.18206697921140477
0.14978778663031553
0.2772880609429211
0.30067699710163504
0.231241440007446
0.25681563528305895
0.24064391824083592
0.21450669995141686
0.22088476496005277
0.255059657567138
0.24218215472107635
0.30496456344193273
0.227329312934788
0.19465758740355116
0.2586823176900181
0.21214415365402853
0.18131797193387234
0.2545594217580393
0.17393127411877343
0.19526289061668817
0.27483407127747844
0.1933443863457496
0.1859824414100122
0.18887663188330625
0.20260736838393256
0.2605297874420061
0.30339373142347426
0.19187919016278118
0.24109238796277876
0.19459619571309572
0.24234431435208803
0.23991716919689005
0.22148400845877622
0.22783713603238448
0.2165445581488653
0.2351580713320216
0.21078911013559465
0.2724143162779852
0.2144654559979745
0.32154162515194046
0.20642383984469492
0.15263493072002307
0.23499820757349696
0.17275536251724313
0.19565444337118656
0.17191953943410052
0.23758092112497453
0.31918274207946357
0.22798931899420713
0.21797027254323348
0.18407700340682215
0.2779120543134322
0.16921398918563074
0.1826959588658919
0.21960530724000493
0.2503678916244332
0.2213361214060302
0.17377594523473616
0.255129304227479
0.2686178331528235
0.22752943634986877
0.2813305220472703
0.21948725149172163
0.246615594953572
0.27291683264828603
0.16523386114234223
0.21840323193357625
0.23147914087006805
0.2146220138860405
0.272737909621055
0.2214221615310109
0.23447101870808032
0.2077155307345434
0.2212335169315338
0.2200626389149132
0.18859893165597127
0.2463910352746281
0.2137712532774024
0.26038247565610695
0.18501986276119128
0.2715250718484231
0.18377170021380854
0.1545978590435938
0.19754263703976202
0.2532603803577773
0.247866913539554
0.24691765106052432
0.20242641524437371
0.1972267583969536
0.18643226399334198
0.25586713399362127
0.2964655371434098
0.2220012034298083
0.25788793979434793
0.23407232652016735
0.21686094698555972
0.23321138500073635
0.23066512461102337
0.2194212284110008
0.19104260671029397
0.18710307407816615
0.20904631926379072
0.16689242381568348
0.184349449949527
0.26262445542790475
0.2686242442065423
0.21375806451937474
0.2065156430279443
0.24908141723466576
0.29641943951265526
0.202180573973087
0.24857657518955545
0.2371208982183299
0.2634358652141116
0.22345792591024977
0.23802798384920174
0.19883049792105997
0.21607735178886203
0.2826990731265567
0.1944914320740131
0.2697543994002386
0.19931548396381762
0.20076053350343617
0.24032458116155153
0.17400333695455428
0.21296888179735307
0.23252992783117732
0.20118302352931522
0.2504909320161977
0.20340558531087474
0.27221688518830395
0.20508457925341544
0.21350782426125411
0.254985796749045
0.28466004324615546
0.226422421975967
0.21378919865013263
0.21102039365593447
0.21541543045175185
0.20149590908934217
0.2535331325793485
0.2059227274645359
0.24466349307550203
0.27723910310946476
0.28248474630740805
0.20847962400235168
0.20038555685533296
0.23886993171971874
0.23141879034698556
0.2616937376490427
0.22251105745997998
0.20227904631457197
0.2487416502532609
0.19083771902486818
0.22426968676234604
0.2211140653955827
0.2617862837030253
0.20729403621559844
0.3142905872349345
0.23563439392168586
0.26342421660729504
0.25207331284470513
0.25501402009517776
0.203721095936014
0.23828808621529046
0.2640324500175791
0.2609563521835782
0.23911236623011597
0.2246230159877637
0.2185154508013244
0.23891263489329487
0.1815343067186688
0.27368120671412266
0.24240474033793177
0.23286426122035456
0.20147643176787491
0.2229788932231588
0.22403544050837876
0.22575281109284917
0.2576319840523081
0.22251966622991298
0.19583602564050517
0.18186441583370944
0.1902875831914604
0.281868328741931
0.32265739347956596
0.2279654667464965
0.2817205887868864
0.23508675300746884
0.19418542674922068
0.19271393653449662
0.24144134007462667
0.2929812604134236
0.24134394526481628
0.2055309794911551
0.2569831344512625
0.2377390943535971
0.18759133372831782
0.2567065248795606
0.33091026927353046
0.2366200275377396
0.2572955565715055
0.15952466305242766
0.1873261378992588
0.2329551227595828
0.25517981889051033
0.24119099783241202
0.2750567219672947
0.2731112315567262
0.2800924140925801
0.23124909647014164
0.21903555464307103
0.25774922939615513
0.21318011737744744
0.2647026760862508
0.22062761739853326
0.19974242847993834
0.2578870684181878
0.2846253104166153
0.23552966473299428
0.25174229024747097
0.2399670216468496
0.237306088482568
0.19894965608185583
0.19889370399877565
0.236290178987958
0.1775040498020452
0.2320573338128011
0.1628065161201932
0.25429356562981914
0.21688438500833074
0.26539283553394705
0.2160307436908057
0.2450571218761829
0.22056714438517158
0.2857906517632511
0.2547775441353474
0.25070303787878895
0.20130318211852957
0.29564374821995376
0.28547218059181073
0.28287672422347815
0.2658528846885086
0.22720158455568715
0.2216233012326267
0.16720432316491363
0.230534869323083
0.24369844247441774
0.25954578584487287
0.257012374357346
0.21828871691992524
0.23582601711290693
0.23399560303863035
0.1979608120174583
0.25325587665269134
0.27957484262798904
0.2834506942591536
0.21270392520712056
0.23352103632524474
0.23662327790479049
0.209360969449402
0.21691717822617346
0.21886756879474045
0.29671149488982806
0.19655290136643505
0.20296596250402818
0.21108081444687798
0.2534704629434358
0.23149517834733385
0.2732773852457694
0.17854757866728196
0.1757987166216614
0.2328732407421147
0.20269867941873884
0.26369935246782567
0.22618512248774186
0.22471551610789167
0.22392675800061007
0.2410199417980439
0.18397866039101138
0.21235148266914788
0.23591727401138446
0.19659566851930882
0.30841846887124785
0.17608661334449
0.2799391803938314
0.20409942466184633
0.22033901745026266
0.21053441101257955
0.317168679259239
0.2454606436808175
0.20850580794001938
0.21458764907416947
0.2446689198323346
0.16507768330224062
0.18189688396016393
0.2137039295577128
0.21680813699687293
0.1882455190387341
0.30114090989489073
0.2521279344864942
0.2682082896385718
0.2621590281845233
0.23282912646958587
0.25349636662990677
0.29822902422432507
0.2447020414225552
0.2517662269806643
0.30736251107049645
0.30185075555372676
0.23402710600730475
0.23851426260186992
0.2864427487237738
0.1191672053905802
0.2579100358923641
0.2428308268752667
0.2388909532936341
0.24448928510377166
0.2696452977460459
0.21514882051616635
0.2571691094188515
0.15189576996575802
0.24391989806376466
0.2316428641660498
0.23755102502096684
0.19745585787186928
0.2829797522190514
0.23792702178342626
0.22132593365984227
0.16862740374486382
0.2437646476500625
0.27160465717315674
0.2191578294705907
0.21694852972249373
0.27823652012632527
0.22993925596595904
0.27288118469605754
0.25622419671181146
0.22195177668825203
0.2449239221734738
0.2064649446294942
0.2734692058431993
0.2217459148223247
0.3194128523725982
0.18374398241349316
0.25683830145302167
0.25537087447052703
0.2190359461744991
0.24783807446103578
0.2808962242865781
0.2755001862661554
0.2554854140916002
0.30277628198676154
0.20155002163090838
0.2345686188531578
0.2710713041484903
0.24830536311919535
0.20991339213257537
0.27796676590902
0.2063619570994596
0.30373793813066746
0.19746833356148605
0.23530541209999575
0.23205459774087328
0.16865647057874486
0.22631214709456907
0.27662317468485703
0.25184760892063107
0.2827395353842219
0.2972148736135675
0.20996552869814253
0.23304560561792567
0.24929275944692278
0.2921020590930904
0.19880492916894615
0.18882090017336225
0.17737683981930444
0.17808607767481321
0.26356439114710606
0.2077227037981016
0.2735203835395498
0.28701629359787756
0.28288204790255345
0.19236281240751985
0.2294951376565006
0.2301590327822834
0.23082523307669053
0.35523468119288804
0.2631001270145451
0.25560609927964867
0.24745767898515825
0.32403931650546713
0.22256585928278233
0.22391049796288168
0.27299971946882545
0.24301183469798587
0.3125514929447699
0.21109607761059332
0.20268063096825137
0.1917065814000751
0.21388007276648774
0.23336466271942907
0.23936812155837311
0.27073557770580325
0.267741314314921
0.21958958227700048
0.2854114970482817
0.2822990004622608
0.24152086497446812
0.22853411665750206
0.2369187870703706
0.263082768938957
0.25299741642190776
0.27778802634379185
0.3047051798859867
0.2204716232938504
0.1668009216632318
0.2719606997769907
0.2559686262126363
0.26605823854787636
0.2675471442555069
0.24838680493722268
0.25468151886528784
0.24803221526495908
0.2228546134375651
0.28188195168425184
0.21555183978255735
0.2054746312285782
0.2551437810473486
0.2107648761994248
0.26089699224594537
0.2772692482952678
0.24543804285723134
0.2434836068284621
0.2513000459299175
0.22632848068114814
0.21422038575924865
0.2847460705205935
0.2260599475388133
0.21895926807998517
0.22478683552610765
0.26828680672776806
0.2768856997883648
0.21551068578291377
0.21187343701310113
0.19134258513056904
0.2583655818886713
0.2163823944166166
0.24020210482658597
0.2650944371835901
0.21598705840766977
0.2282741340475345
0.29972782430298833
0.20862950835752925
0.18980565858543466
0.24662827461137685
0.18360801546945485
0.2469422707863904
0.1869423167968015
0.17793935099872973
0.24801466197048852
0.2807598947931867
0.27208478188295976
0.16775361058908864
0.24932160508742027
0.2589537020123333
0.23339666549218904
0.29987843539736686
0.21268062854031905
0.211707931319508
0.23940142168911224
0.3122795347226869
0.2796739501143814
0.2124651099016907
0.27637152934293135
0.22006780537990256
0.2629980923385795
0.2808728513367679
0.23722629208083545
0.20144308023496504
0.2401463290966979
0.24286350170406726
0.17657907894991953
0.274997299690859
0.2651482782232652
0.3005133090762917
0.2697296746827047
0.22861556613117184
0.21204316944157311
0.20291500982888247
0.2211939019894381
0.28441548648230525
0.17366921409554437
0.2693959239426009
0.24857714362100725
0.19833436909071897
0.21412614698803753
0.27098220969558856
0.22654164712363428
0.24824284632271582
0.26138867260119236
0.31213733991351694
0.20740876941505923
0.20707281220943555
0.22470455049374782
0.27200817050190146
0.23276822036559427
0.24986842602764794
0.3129001932406644
0.2346729040145874
0.22443561543018445
0.28876451232017725
0.25958155847470693
0.24535312701802736
0.3249037260309272
0.2786531628818687
0.19217321878179497
0.2750456412450983
0.2680230124281087
0.20676228841510388
0.27254414503727487
0.2840870257911332
0.1561714837310511
0.2548471221683222
0.2662086306361977
0.2653762162278552
0.20716964651685243
0.19615505813458645
0.18020421375922108
0.21845808761929153
0.31252488630627273
0.28652589282858265
0.24423564929480945
0.24442666659661388
0.24487828142052398
0.313627026770093
0.22628162377471223
0.2727703717323618
0.27487579425540537
0.24669455360928808
0.19004733682772434
0.26069719583616346
0.30133674669703214
0.2213123489957337
0.19993603502938506
0.31355976867019586
0.29795481223578846
0.2761554059085496
0.23933586560258077
0.26778617719991493
0.28679280598229223
0.2885388209732301
0.28588377827898076
0.32100052899176923
0.2320677132234661
0.20621704535746793
0.2691232791734398
0.26093308176469365
0.1781387733756949
0.2413823249143198
0.2650598875426371
0.2582966163070924
0.23022065796983351
0.2725842901326101
0.2949017751107522
0.2601033132010644
0.27382945467572695
0.2293679109953959
0.23772727185433065
0.2806062572592989
0.2553988624056545
0.27546669802534474
0.250836266563573
0.3202018833488499
0.25619886965926636
0.28444488743029606
0.2696619947022254
0.2841971768151729
0.22096723072025753
0.2649458006981316
0.27788784689859514
0.2717198570933911
0.2775652312904323
0.25242911238189136
0.20323668433985578
0.28977900661459755
0.2579391880319753
0.22458730542331662
0.29880388532209834
0.19450965414353466
0.30796152763410445
0.2584847176293714
0.2844291170802685
0.28761377766591695
0.27732473065000063
0.2526346557184097
0.21146683654653917
0.2952231340998903
0.2763109928971037
0.2131563578176936
0.28230660962402276
0.2491433984095897
0.2601448147121919
0.22766728111363332
0.2984606908002031
0.24292844260504487
0.2605991708029301
0.24173695587236946
0.2907835053741385
0.2654955734353547
0.2849716675390891
0.27391103921680277
0.24630779492745705
0.21654115029431265
0.21313572531446404
0.22472672014061465
0.2557399518992923
0.25186079685841134
0.27883294498154876
0.20141811518494143
0.21011877306010746
0.2026229662085892
0.2579065963215784
0.2305043952180705
0.28246608759285113
0.2637249130174654
0.28813660062781166
0.24302934123835432
0.24487081470839475
0.2630623855175228
0.2634431495579011
0.19644133596245303
0.25013530637146136
0.26757520956730624
0.28274190234481744
0.2387801687651818
0.1987401093911687
0.2758459752305932
0.22288383994627436
0.275681731350925
0.2695297243398264
0.16624621923910368
0.29553123816437676
0.26363133536566286
0.262231200113209
0.23371064553567028
0.1995978691709151
0.26107857178110594
0.23895879185527835
0.21898296584776783
0.21083696473629102
0.30029367744375807
0.21787140894373622
0.2847825124723102
0.20843341837235546
0.18895013452669895
0.23208339197920003
0.2755904216831977
0.2600916492829629
0.2257944148614866
0.2364415261176748
0.2579436348665745
0.206630776234723
0.26291289843550514
0.259477752337762
0.2071973328743506
0.23364067651809903
0.21783859713361897
0.2456062149017229
0.18875942399742407
0.21368009043396066
0.17904435139183605
0.2577047069138343
0.2574800468912912
0.2331161583782336
0.2801083350947144
0.23552349838641806
0.24853215961281314
0.2565315423208639
0.19249680665654872
0.2845016302318748
0.23146265526430324
0.2674507156971398
0.23176518082618713
0.32095034188086835
0.2024136180177741
0.28902490997533187
0.2656101740281516
0.2633950015820494
0.2834968722741538
0.2855634402244463
0.221521159104251
0.31144889751705557
0.27006608165732215
0.23005943779551655
0.25532665821390416
0.2973412329997491
0.24708403359859363
0.2712182410813253
0.28075967633396115
0.24990277798897628
0.25717032229134795
0.2445879586792867
0.28645310954216424
0.3149771015031622
0.21416643699374768
0.19701104235211644
0.2351197917527015
0.2434269247251913
0.19460049544999358
0.1886530302533316
0.2058362873322373
0.24791995538484066
0.2414526141017949
0.2702415689415888
0.31041241922509777
0.2616461553704848
0.28104595798964893
0.2652341942174719
0.2535920378265031
0.20142280563301995
0.23013041024908013
0.2123162505823538
0.2294428709450118
0.2208405804196629
0.2926687174433962
0.26809101257849177
0.2700254558970075
0.21988440762966052
0.22495976309163854
0.19758195751303925
0.26155548385523875
0.29877959232811535
0.34814614030199315
0.23623643309698192
0.3044613085755514
0.2535568809290545
0.2442964854043558
0.18990870927451947
0.2781206910763312
0.2192388688205579
0.26065439395948287
0.2172916640929126
0.279664128471952
0.2903319342967567
0.18411383060140346
0.2955157166227288
0.24856387584581288
0.23851209086015684
0.21267090095292537
0.3025192287536936
0.24699040126363073
0.2736890192972411
0.2557123560424245
0.25570625695613547
0.24939979243715968
0.178375882566522
0.2903269794555979
0.26773646282493524
0.21737765117522773
0.24738688561894479
0.2600455877430942
0.2346029292552843
0.211305806943036
0.29199029026775186
0.27636141049752544
0.24934970649010543
0.27319435515534984
0.22454528332850254
0.29641554443114393
0.22537377148593238
0.31506817111181556
0.24339701877821476
0.19339561380377604
0.2386860133857902
0.28680255325562365
0.24827783944409923
0.2543879400152679
0.28927751199914775
0.28445530867357866
0.24143141863542958
0.25082114120142174
0.273914094638387
0.2695899146412491
0.2895423190309367
0.25614842198310644
0.23057573213489777
0.17205746321503176
0.1573180684802729
0.2291349139782267
0.2138877483682895
0.2586925461751605
0.22145210001446786
0.22914924096623693
0.2287695927357455
0.29963136594229883
0.291402611163778
0.2663713332709916
0.29152758897991354
0.1748698033870907
0.290248810698133
0.2685500954816101
0.2826396776448696
0.27510557344200415
0.235500214843575
0.31023935741240827
0.2913104041453895
0.2307959625480372
0.2853400521322128
0.25542229167911984
0.20984293971586665
0.2525336723262017
0.21464693655661488
0.26405147784346833
0.27560035898051133
0.2520168379906121
0.21788925533994621
0.271317370167566
0.25323794795832505
0.30565773128369533
0.24934146956566278
0.24268233147236185
0.2409164457146181
0.20687109560047814
0.26769963289619586
0.30258141252972665
0.29184897284988964
0.2901142589542844
0.2733211016983067
0.28008687769601104
0.2591453328591968
0.2833700628455626
0.23452368761421344
0.26412145178252405
0.2694268191079481
0.2606251485850833
0.33300315185424384
0.20372284525031342
0.2513926354570126
0.23787976596333565
0.2665030259058016
0.25670809893433105
0.24410246298947466
0.24837912632784712
0.30687691038901654
0.23444988394002303
0.29617774240467526
0.24214885923840584
0.2406710501110882
0.27086490255977036
0.295643692716546
0.2761161901535244
0.20790581856298884
0.23812380979914183
0.17028992520559819
0.29679752052377123
0.2745313890483401
0.2615154265263759
0.20432775310420115
0.20474158295797645
0.26292498396077285
0.2692747950007062
0.28833830739380023
0.21326140034089394
0.27325233379635244
0.2183303267037103
0.2544427650784134
0.28294837092040875
0.20418997532730804
0.24600014445978566
0.219887597845235
0.21236539707271332
0.18440568036989335
0.2580325581611843
0.18538924559540704
0.279383375283775
0.28738943753986185
0.25705796589545155
0.3253120993255475
0.25255274581252984
0.26797070251692323
0.29776803287891074
0.22470791815617763
0.3040957768029029
0.17841609191457067
0.25866594883280064
0.22923846419798125
0.2097343928223356
0.29581559633989946
0.23515392443455688
0.24513029095229752
0.27291694365510155
0.25362961281330215
0.26447002247932855
0.26045797532851545
0.25382975837506283
0.27674091081006813
0.2752137471229658
0.2551105164606637
0.20551898556018094
0.24639675950785295
0.2689573742927761
0.3038902886963766
0.24003215011106718
0.24392018515035646
0.2754786345390005
0.18820653568714038
0.23432681565984673
0.2074217733440049
0.18094247524891424
0.23256448758851497
0.26550375430955797
0.30062106224375035
0.3427834565486383
0.19323307576529478
0.29973352283512783
0.22708929022517774
0.3033258674341604
0.34435861318483263
0.2636825447782464
0.2714691613245448
0.29397835206548006
0.2097987436920131
0.27365802870977907
0.2379438256451843
0.27764939332227095
0.2492350441053373
0.22601698133923592
0.24003759628042168
0.1992010009398154
0.24831753449702482
0.2408679103085754
0.24946791671831672
0.2885789477497066
0.24711021835650873
0.2485575287713917
0.21978268437429305
0.2548238249546891
0.28241203875716675
0.30650260935135937
0.26462036863379523
0.259490551751688
0.15155065196369766
0.2639204143384181
0.25056002610320344
0.23938210185514677
0.2923416314868752
0.20881078686189214
0.23153618853026575
0.24221653593789547
0.2112763488511427
0.2517463742593013
0.2211996669616174
0.21008806928582147
0.1781375047263749
0.24192266316588865
0.2714521414643034
0.2325497406338333
0.2822749363173039
0.28410309990611643
0.24213069677352905
0.2516571764552265
0.30056729612000493
0.22327914123141437
0.22618181962485706
0.22055893780988292
0.2946512759278674
0.29518978830871234
0.2644732485123731
0.22929877370869348
0.28225011535740774
0.24424513791679242
0.2597473523485551
0.26123305034199984
0.31670219663086285
0.2451111554005824
0.21344717872252159
0.24849945798926398
0.24248378758036762
0.23764681816101074
0.22017010116795882
0.2549223823284884
0.3012898110468453
0.24433829259434972
0.2875986271495119
0.2617077564974444
0.2512581370292454
0.22268694939963316
0.2606848675176638
0.2797752911344581
0.254997326146572
0.26585544987556037
0.20863213314922577
0.21802917314231943
0.25719429183443754
0.3094593628284034
0.30036575969206086
0.26469056759405574
0.33336112285972735
0.31002824213526664
0.3056475848232934
0.26866652085146775
0.28948356033465183
0.28707106725885234
0.2427854179789167
0.27579460040144965
0.31297561799714324
0.21411038812147368
0.2609269427596976
0.31748904082753243
0.28366753759734126
0.23974488853314602
0.21423929410243253
0.22765602485849223
0.19103561847581776
0.18880812071878975
0.23893027294666394
0.29301553335758523
0.27232681173797046
0.24635568561903928
0.27746049389926664
0.2854991659111933
0.27043397984373463
0.2584203096157914
0.26334822478644343
0.25444178023469555
0.2479008794377703
0.3474558657462444
0.24134978515292527
0.24563336891865512
0.2391301697000451
0.23794005633494175
0.24513096082101174
0.25900783478666883
0.24819659229812271
0.29244157671928406
0.24165983347717776
0.26245962807891565
0.24583477082602476
0.24335892949629268
0.25470268917739936
0.2606668740237525
0.20817314539480647
0.219405698393463
0.208481839490593
0.26083825569634045
0.29512907058820814
0.2020035036113284
0.2890562609248205
0.28422869864953765
0.22284728069917872
0.25476912785013883
0.18776944334353876
0.29789342437315425
0.22434425053246523
0.24187177720419858
0.2037240004320757
0.2524617669779226
0.24749363890481652
0.31083748428099744
0.25558009251542047
0.25058974448694
0.24253190356657045
0.2714039046283162
0.25801066193011923
0.28116825523726435
0.3447923326711042
0.2630269552042725
0.22164533362476105
0.2866889405141183
0.2597934097871868
0.2553472138872934
0.21894052843435094
0.23460110010357077
0.2061590708177024
0.28905341056508754
0.32256695546141456
0.24185271574816572
0.25747910169286464
0.18894898289934212
0.2964942881820399
0.2919865157626091
0.3061830699443817
0.26742683009270135
0.2849297340309948
0.23907931928240925
0.25891520506745086
0.27329444065006503
0.2775695176299559
0.24224880720497272
0.2715113359853762
0.2072880456753827
0.29218086381571007
0.26430316365093265
0.3042520265513604
0.2635556062973967
0.23607633474769943
0.2016072986869637
0.2078250556363972
0.310325085843375
0.29833716482197475
0.3003202340471635
0.21324497051195268
0.2603078265802576
0.2662879398109716
0.252453034897463
0.32245904316595936
0.28620860500073214
0.25520156009481587
0.31322490102654205
0.22366476305034183
0.20892574781671577
0.23152169776619028
0.2243208365702848
0.2926165860727293
0.2067193112788944
0.2678619822777739
0.30622181761155437
0.3039561969424606
0.2743953917551478
0.2608150541782379
0.33586434596175446
0.24982648841831662
0.20511827118899845
0.26188530396977694
0.2413844381450513
0.20534432727262514
0.2286697831175743
0.256792139296138
0.2986769424665959
0.27488132983172703
0.2175352666356148
0.2113959305330154
0.21946642431644126
0.2496291656012929
0.23214842802887664
0.24491556385241517
0.29352292773920463
0.2853835454774559
0.24913506551620063
0.24386989714902477
0.2392764682069831
0.25830722429336755
0.1966127512651846
0.21776693211782963
0.2164792989918945
0.3080714142650639
0.3360050473738154
0.23387425180968888
0.26774691195662964
0.2404019220159688
0.33794132749968714
0.24672335550325727
0.24869494591284236
0.15504972841761527
0.20079236812547807
0.269556344102282
0.2781410315714845
0.2494779130734435
0.2532025367841808
0.23122929487753352
0.23698600060349212
0.3296299382634119
0.2585797908656094
0.29556426187174034
0.3001407956311462
0.28802836105364177
0.29495663571795194
0.33019995306609967
0.27371174151744315
0.30123376600239254
0.300423518233343
0.30608722458191967
0.25423277189972204
0.23672436820257695
0.21372622907708544
0.23905160066184647
0.2124105713783054
0.23644467778162126
0.2668250771837497
0.27444209582215057
0.2253168542450721
0.23096528293889598
0.24042950693620455
0.25986243005192605
0.2088269944037866
0.22893770107435524
0.2933247217891413
0.24109857864336137
0.2770504844844888
0.30383100504175237
0.30077555365518693
0.31626686016353994
0.224114580985603
0.25021004868209906
0.2522491369772395
0.25777961053979503
0.2407405655318444
0.28528654083199456
0.2552988365155841
0.27065465756512563
0.18683532372527167
0.24446600429508664
0.295482278143594
0.22916443058110159
0.2454147245905815
0.2689198373107735
0.2551545645665685
0.20280238220451074
0.19057346593349353
0.26763003927852036
0.2997549971856108
0.3096545133568825
0.24861049296659068
0.252006569039931
0.31725244784573897
0.26251994852626
0.23505334733823025
0.2770216825905196
0.24842168541129575
0.2665950795379254
0.2837008535861969
0.2823639055457684
0.31817249776026524
0.22851541310275367
0.28201093285455614
0.23433755160471714
0.21625485196026092
0.28461488097085863
0.2275530203766779
0.30419395686289585
0.282500678793006
0.2684520012741789
0.24431322419315304
0.29043621645061246
0.25620482383518045
0.31476283155450036
0.23337412290616866
0.3309603256916781
0.26652482616792034
0.2507977141152828
0.26137904863838757
0.2645720798488057
0.3208164928156301
0.2659120048404834
0.26031379196621957
0.2911036372731585
0.24332672959073967
0.2900945388395852
0.21302654819751005
0.32675891513124516
0.2661437846105033
0.30441145284460225
0.2715613844744656
0.25264336865976317
0.24466111381119543
0.2630044402332481
0.30089095562969875
0.22279265304224208
0.2629240201700718
0.2282524155367405
0.19756907744145175
0.2505605130567463
0.24388371558364377
0.2960103452205658
0.2897606699838551
0.2637654570264554
0.26672832626815235
0.19329702772131754
0.23077836113238553
0.16673027019981945
0.29538509386395095
0.29475292125973135
0.32265660194081996
0.18750622184998397
0.25849041014636326
0.2125414049406664
0.24948896344648588
0.25498603243346607
0.17053650387930214
0.2884828371739169
0.19103108114058817
0.1587961083705272
0.24143235207697666
0.21787711267077595
0.2481218035067987
0.2797962875541197
0.2511442470441171
0.24235959884223587
0.2478536542402495
0.2972829336420112
0.2641067275213539
0.24506140165372725
0.2228934546129419
0.2751404793437468
0.24234112495676094
0.2199904716342961
0.2593059698376087
0.29296809298182847
0.27704634934390354
0.2560378581012061
0.2603657368673097
0.2866929416809607
0.24270840330955085
0.2601519227027893
0.28164025594335085
0.3027366421638279
0.24880040730905095
0.2551727026974389
0.28306496334732123
0.208268212342481
0.2549514808786025
0.229170785584581
0.2355890845486877
0.2659404130156981
0.26415976581223516
0.20324539181289322
0.2624608773157137
0.28519295251697574
0.2461554038962093
0.30815341248424777
0.2538106816077451
0.2366481158164663
0.25532559489985124
0.2500613851284762
0.2877723738687848
0.20407576653935494
0.24807436750569475
0.32292419726695487
0.22535752566582565
0.25437078973568905
0.21855305613727743
0.2747860846169498
0.2506519629867799
0.2593708806628481
0.26204714561821124
0.27735398203954786
0.25507888772072046
0.2350318109223602
0.2802690141791597
0.3067520375645489
0.2365104063935236
0.25642223095675126
0.30588998406305223
0.2919946610927582
0.26650221659502854
0.31753901002603935
0.29952765659454766
0.24111001152511036
0.18765152785756173
0.2821500356044244
0.25008235557363667
0.25422371144688455
0.21997737583764101
0.23310051297922746
0.26163717311456663
0.2609882242635849
0.2823376294669755
0.3108245019519001
0.2581414815482743
0.25604806307258954
0.2753365007015543
0.2528140766358157
0.2735347187300341
0.22087784207195316
0.28618226248189943
0.23676418601919752
0.3010008099975936
0.21252523321624195
0.25353315472602844
0.25241556955040045
0.24306081495153795
0.31790268448514675
0.31213381284967473
0.2649653805505245
0.24760686695028883
0.2416473318130598
0.2618894762949112
0.2439607245112778
0.21357425992641974
0.28793216079746914
0.24450151444575108
0.20017314066580677
0.2775449952401152
0.2512615539065195
0.22482268498578203
0.1793300197758806
0.3314575304131989
0.25943384804856884
0.25509505807806593
0.23169618981693862
0.23503565842952204
0.30863488950860607
0.2368776333441428
0.26478796814559796
0.20448977028558013
0.2527660787652392
0.22461618934202632
0.25663897777916095
0.26998014378985136
0.2588715178704043
0.26080383428739845
0.23792992764656698
0.21154957572254565
0.25057968196518926
0.2805230226538597
0.2390226431942861
0.2728115396762113
0.16787279089656446
0.2501206296846407
0.24005937521610785
0.2607905678792831
0.24283998958561398
0.20861943872696762
0.2623700666318246
0.2554689968397858
0.2856470554246815
0.25176407383122573
0.21181040510125115
0.2194231505240869
0.26652454099523915
0.24644397595606812
0.2223802140546501
0.21048047099638423
0.2699152419873334
0.29397100948412486
0.2738757303001684
0.2989072600089082
0.2779642619671078
0.29083883024136953
0.301405484796664
0.23451836092756428
0.30069606922088415
0.2591035882814215
0.23674349309107579
0.2711281360836204
0.25910983774640145
0.24970337666502787
0.23939012278110608
0.19880500080388622
0.2297796926914005
0.3839830881958708
0.33189490929656074
0.2601201337411863
0.2901940698470544
0.26887863436970144
0.25581149989311847
0.2234489297101257
0.2487602772515848
0.3003441267604128
0.26092210931515475
0.25808362895195636
0.28401786772482984
0.21591804935297834
0.30536644693908344
0.29808469075675403
0.25675023914477146
0.2559183319227411
0.3006765940867433
0.2886531514312149
0.22041816722362415
0.2812392998725996
0.29887969067337317
0.30733510277686865
0.28742859095608425
0.32230054675985914
0.27363428500814174
0.2161235314443571
0.22013266097515002
0.23037509715885196
0.22275617609330273
0.2943388026788694
0.26007194283905377
0.24938525601264533
0.24054032591504787
0.27677298713167875
0.3078060423562286
0.20995642149120297
0.32078708393858113
0.2845881373510448
0.29103338499681664
0.283174540745009
0.2705630219857627
0.2801901443835792
0.26992110949043835
0.2573773330504741
0.26136419915278025
0.32510646931622006
0.22223250034752243
0.24951608930159053
0.26448338786396414
0.2554982233484951
0.33229151532190654
0.2493711034639166
0.31145758639781845
0.2702671480835031
0.2693666329077624
0.3088517651098584
0.27011369729260787
0.250427910767564
0.2534299460026102
0.3031182442236384
0.29333521685469044
0.2309923902017261
0.18281167062050704
0.2081324392502461
0.25807941862202566
0.2900220885736133
0.2957741918913815
0.30522585161235355
0.23456589153053564
0.2876385524185426
0.244097279025874
0.23470530980223908
0.2779556564781644
0.28379005385101386
0.29817781617882055
0.2708684914155838
0.36989779182530325
0.22871291500712754
0.20651077294568404
0.2900078750531608
0.18029325872386268
0.2807961163717672
0.23375255197560021
0.19099793877076665
0.2157312853073855
0.2672800361563306
0.34890257683368997
0.21994573643448156
0.23975343769843424
0.24833540714115176
0.286833321282623
0.22755516532364242
0.2692936147571704
0.25654577416017516
0.25478589069952656
0.2668985563133835
0.2399223572617277
0.20853469842070832
0.3242826152832136
0.21650768638750828
0.22554168296516489
0.2956098591515777
0.21982533723936168
0.29864912596317605
0.26350044821380475
0.3010189607055909
0.3211445308059727
0.2164108143487108
0.25849564387163987
0.23700339504338186
0.24802150720850044
0.2824697010560867
0.2512693339531575
0.30510575372144716
0.24778413007018762
0.26081238153877606
0.25351706885416575
0.2677405430089443
0.34497618511182454
0.2915446678979681
0.22264234434574023
0.2274359505657756
0.2935979762755403
0.20125246129998373
0.23502484866238516
0.23805116540795074
0.2392952250778128
0.2619036498966567
0.2546968976838873
0.2981782186468807
0.24964219687181874
0.288650243107332
0.22083591758658033
0.23526418919957012
0.20447662527408075
0.16056916609816596
0.25289935447754114
0.24355065521843935
0.27842587861446066
0.22977086628248933
0.19222428984598283
0.24904105668767876
0.25759750085139493
0.23759807714628517
0.26797441577692643
0.2698954428554675
0.2561928039297051
0.29716149656050794
0.13503547518625172
0.22953997429357756
0.24561978425454656
0.24383123095976103
0.29113730624181416
0.29593284113691487
0.28963017873807784
0.2040813357458202
0.25310478544016496
0.27647540410724253
0.25238784108686885
0.2817352449675219
0.23309409509011364
0.312942301461456
0.2740492011428973
0.29525935540505505
0.2530391812324524
0.2726767519745258
0.19735815109462912
0.29734100661146534
0.27879420059536575
0.2921437571901794
0.1943500531375955
0.26309603507365653
0.2170316795690344
0.3046916228368742
0.22801371533936315
0.21657237273837449
0.27540071486333095
0.23720264298106553
0.2932207002005446
0.23233585483437286
0.20650808936959014
0.28705530374421984
0.24788454585119124
0.3204753860967969
0.28999584776545884
0.25881987864818046
0.24775146016287147
0.2777177787155186
0.3014210596543933
0.2812946646585377
0.2456466082586061
0.2640286443430349
0.2863457353290068
0.2844092356502463
0.28443679514281245
0.24549394791279364
0.26274621076540117
0.2865180564582895
0.24071159876814677
0.3139708001132405
0.30315689947627006
0.21979020713666164
0.23005217067692257
0.25839569699873616
0.24149292980859038
0.22170040421529646
0.2649341102586974
0.337437185672445
0.20783606554390094
0.26185713366630975
0.24222581922461134
0.21424034894059557
0.2300889776387346
0.2838896458302069
0.32200520219059164
0.22608200344470664
0.28004116312079474
0.3033650979536389
0.21555103429960548
0.34646598926377953
0.2153573539278923
0.23756502062902538
0.29087541272880835
0.3026745529896622
0.19915998200757787
0.26223776455319253
0.3068946583555379
0.27523872721085857
0.26828541914257437
0.28504555597217807
0.27700838145859746
0.27814513417558934
0.24604394293706353
0.24052275977003465
0.28853809067962366
0.16731176108395288
0.2231740024658518
0.27187137702189457
0.30206156788616007
0.3121912337224418
0.2513641594746791
0.25214410156285
0.2241394976410297
0.2538163044037075
0.3235381940089235
0.24046515980991748
0.2782852849282256
0.25997773222967024
0.3044976132725357
0.28078330602120916
0.24002795427217397
0.22439952809876257
0.26973985668716083
0.23724516433313353
0.31687167861046045
0.24565122597808137
0.24357332740354976
0.26334590047871304
0.2511683789961929
0.24637905228028603
0.24482574348055988
0.2478146580381131
0.20880453466275417
0.2878908897758624
0.24620036302356546
0.2832426598312658
0.24256587848750824
0.2912195508086353
0.2242349894768601
0.2844219656165587
0.31762563170643027
0.23660799942979024
0.2515314790087009
0.3014130521258083
0.22883572272204478
0.2305222927430354
0.21238218398269162
0.2680516890976407
0.24382014722999082
0.19688609789270872
0.2953064105379472
0.2864220123225396
0.26045787252417396
0.2816651974796155
0.276858706539924
0.24243136611553506
0.3377119824973815
0.30459876508887757
0.3314698789644679
0.24719686191016382
0.22675203074009045
0.2932921432027029
0.2710759459285561
0.36296879178887115
0.22555001749904877
0.28934743754360653
0.29570970322013995
0.26467755218164635
0.18052934178518593
0.27272817355777146
0.32056046024375007
0.2624706713431472
0.2786222627950371
0.21733641788500166
0.20198211347291228
0.3375210360102697
0.306538651569174
0.2836618144577796
0.2732536647844752
0.2922940645196022
0.2245933383429816
0.31148100828905717
0.20835910860551607
0.28587504209728415
0.28672808354054025
0.31572215163379636
0.31326067994493956
0.24437034458195397
0.17799596064681306
0.23081833999091333
0.21783006519352624
0.2731196366318869
0.23816748934054593
0.2592415675657605
0.2670461141735042
0.32938802488353275
0.23739655247522057
0.24612575468667056
0.22161584518371372
0.277996017571983
0.24689531435660267
0.260065559400331
0.23805501264169676
0.33596750000201236
0.21663834605741938
0.2712419516996506
0.2572648667414254
0.23985499088917303
0.3211196551629163
0.27807154294547687
0.2878006592803045
0.2852645226574819
0.3516649942879283
0.253615999987366
0.329721974943756
0.2844982330405384
0.2981667433856824
0.24822371569248514
0.264385464541409
0.2555304552436969
0.30152252015717534
0.24145583247919694
0.3006075626119561
0.31183414420950306
0.2825920450578042
0.23192943810322963
0.24138089166868718
0.2528130931591769
0.23040065278700733
0.25193600124175397
0.22837033238979654
0.21866497752863331
0.26309755772625637
0.23772871904416915
0.24205743118163642
0.2687267743119406
0.23238392105889977
0.2775812053352321
0.29172952432151233
0.28220901057260844
0.2742437389465647
0.25312033897146174
0.2929664615097396
0.28897716118655076
0.31097725799324316
0.2358432078580244
0.21373832663264844
0.2334142026551273
0.2625006494718954
0.25132614018720223
0.28947716869345497
0.238627296522123
0.25499460101127625
0.2849548819961898
0.2470842725640043
0.2589654646335392
0.23256447282406167
0.27165265395007004
0.2553016805867536
0.22731258699653345
0.23903473500811726
0.2946148296014978
0.2091411836103562
0.26198225748648335
0.25434412540645773
0.20624011672964884
0.24139721787303958
0.28733664067513354
0.31627034402768545
0.27687875475358525
0.2848271724827793
0.27045063824828613
0.2726828018459705
0.28325877687252987
0.1900627435347356
0.2832087149860662
0.2676599290939646
0.29519729876736983
0.2693678785901551
0.2528227797342003
0.28059766380065077
0.3195720276701341
0.26365787693119924
0.2958616597936788
0.30088182873682146
0.3208593879270991
0.2804970834233345
0.2946182705393625
0.26397844301451234
0.30984984871444354
0.3111573703792117
0.30532262467463084
0.2686282355304158
0.20360019502289797
0.26656051349202425
0.22831274309289565
0.31897089404797335
0.31735467281910257
0.34261320298964826
0.29315896564667376
0.2773085988442832
0.2767247442805439
0.2531654618748831
0.2526459822414118
0.2639157181486077
0.2519953811387403
0.26678319015634167
0.263110334173255
0.20142661212781154
0.2960215394103199
0.2663492008086738
0.3007110387360284
0.24457200705458265
0.2842971212273344
0.2928302487648955
0.2914660433563617
0.25571000329945065
0.2873178950143517
0.24304049769672778
0.24479807872291004
0.28812665212045024
0.2753578823640806
0.32746428606707023
0.22351249532962064
0.28136705641352805
0.2996935089793774
0.30026315330365383
0.2855457958825138
0.25617551666880967
0.2903669738988264
0.21533744789044793
0.2163658483859596
0.2904100043511172
0.25607902221723433
0.22679262724491434
0.2576822512740389
0.23186618691190666
0.19547907037472506
0.33493151003067645
0.3089570867905923
0.2827211626625936
0.2190492992554236
0.3293841544094436
0.3020987330226723
0.24447173782444875
0.2933759145233609
0.2213975494607873
0.24576949307677942
0.23229738796522859
0.2788247244620542
0.23689522792439943
0.28627227834605296
0.32080393701518345
0.2712191023411007
0.32900603484669955
0.3021810894165564
0.24895845148541512
0.36363144834107214
0.24662984593198933
0.2903418070679411
0.30183506504111335
0.2769901678649657
0.2636022485724283
0.2146467867247555
0.26947706363616736
0.2578281711000915
0.29170127472746266
0.3134529557796793
0.23381840881951357
0.3356693884648314
0.2828801195009039
0.28250476717948914
0.2208538066356554
0.2261102770993469
0.29220951669806733
0.33331708760436524
0.27222203087369234
0.26798007439035887
0.2336697922934086
0.2852133312903413
0.2595653080065316
0.21829815413973747
0.22750810882367126
0.2826273673718129
0.26440876148162634
0.2769229362864013
0.21056969996986039
0.3702440371207141
0.33770724666227986
0.30151363578411416
0.28306990096328455
0.3060188110268444
0.2527591564239712
0.24554150038902914
0.26340725771877743
0.3111740088244097
0.1944875539442815
0.2702403172440485
0.29764955060197673
0.21278290464243757
0.26604444198652144
0.2867574902302628
0.2630093144167454
0.18494737011577012
0.22537589784062237
0.261069724319178
0.2803764750651263
0.2586746759917758
0.31122957894561487
0.24382265910096124
0.3120031250179361
0.2660945741408462
0.28304857480416606
0.2795739034447101
0.31904035916022205
0.26684289487130053
0.3735271027875603
0.2948819866421026
0.2285416175466065
0.22405214320629016
0.2709339537204952
0.2718277819659732
0.2732350361456565
0.2715317114777521
0.20839092436186765
0.2587403001588419
0.3031207377757501
0.30496713765170597
0.28913991659059435
0.255312882705566
0.3072705657110302
0.23278993286124064
0.3299952152125332
0.2950594124444034
0.19549464113121734
0.2160366494721229
0.2521870251095623
0.3421037339289254
0.30387502061117677
0.245662029183239
0.27922572291225467
0.3174512503890816
0.27577802566213344
0.21839899480889696
0.21360259209204158
0.2864297133520109
0.23703685238820696
0.2437469264782897
0.2521847423610337
0.3090757924482363
0.25626241340549716
0.27371783896323737
0.1885172566142651
0.22491267350835537
0.22352827415553803
0.26533168909746574
0.23318229820750175
0.26561943298086116
0.270610163791464
0.27535465195638326
0.3042132343174121
0.2647469273400963
0.34061509753585956
0.2698923918085361
0.2643231131614895
0.30947481984392217
0.23750912295568974
0.25704556949641727
0.194307008467683
0.31478825074817063
0.2361702344833164
0.25765318444015783
0.25128374241907664
0.2810503433056928
0.193401896352068
0.2336301945765084
0.32195308667804123
0.23440928415420953
0.22878277766595193
0.22351154876411508
0.27561505371277484
0.21746885257029752
0.14980227192607495
0.2990247339283654
0.24570746678824817
0.27618637653665806
0.2909833296723322
0.2861418940058542
0.2672009850860736
0.34185293891014307
0.2968688875163367
0.289459894556518
0.27252610807025107
0.2584858971451401
0.30320225833752834
0.2651572230212185
0.2820002693648732
0.3331317395792095
0.21522765394744522
0.3279464799876607
0.26591738703054024
0.2673455014688159
0.32615325784464494
0.2920911257420111
0.2828953911405091
0.2379688984210338
0.2523524711985107
0.20327493302319027
0.28362232802111076
0.31384165817444476
0.2387470020613539
0.30026452038266244
0.27038928674995355
0.24735425070885125
0.241601693794268
0.2651425602786038
0.21076788814789657
0.27150491590893594
0.28647056085254075
0.3032435971662539
0.2631006344742731
0.2909457787461237
0.26397683532959826
0.31037486529131547
0.2706818509539333
0.2505946465588491
0.23867520881355356
0.2965044863180283
0.2708741306164943
0.25612368960993004
0.2504831361114432
0.3392999729978929
0.23727213379439957
0.22299902564888702
0.3071979497550824
0.2771775522910127
0.2693644190600159
0.2208934995012546
0.3039891569439424
0.2753583652163864
0.25074389412862447
0.3273947832234409
0.30145122808053954
0.23640449495490537
0.2879206360480107
0.28757497832315776
0.24237761557649035
0.19682271382130614
0.30397632991502044
0.3196246462677597
0.2804970678386338
0.2681521519061622
0.3120995918545154
0.290573322171465
0.20980652018424567
0.2600446272333828
0.295639433171771
0.2916793519750648
0.2548854323702121
0.2953869902759517
0.2794104163799811
0.24339400354875337
0.28028112485868123
0.21609471041128175
0.27945227715947213
0.2321049333165545
0.25522970934526634
0.24591641551857696
0.24324671828418698
0.29151868492091465
0.3091520196800932
0.3198213194488385
0.25782461204660045
0.23416307076401666
0.2605440094383485
0.2527820869870142
0.24070878477271543
0.259164544147089
0.3189688508116871
0.22842379338150726
0.29511004194207147
0.23177037791374627
0.3593554026489958
0.2806108323259091
0.2552513862968585
0.24924544812342442
0.2568273806790693
0.24495784104417223
0.3180105965071862
0.21696047936010798
0.29360149869131386
0.23192424593715494
0.3144865350438914
0.24992568367118134
0.28379362356772114
0.24729026430243745
0.2155777915902094
0.2947136355102609
0.25926078760295834
0.2295830886845195
0.2729024430480572
0.246300580304697
0.2767771712136925
0.23449821127664058
0.2335165214101109
0.2979089278693593
0.21835975854768666
0.25902946771831686
0.2604274148241096
0.3249449147543776
0.26583872229681105
0.23483853055796491
0.29099398988102554
0.31062425577312436
0.3069165357209127
0.25985696829787086
0.27281178711751186
0.25348738382715696
0.250692473639042
0.2958761355198851
0.2466147883769569
0.2595054810747094
0.2553005158354383
0.32890047693471297
0.28777615876372803
0.31215995194715096
0.23223243858836112
0.27754320190587173
0.2636720037788426
0.26559709354278144
0.21910747092798216
0.292177707503695
0.2301358031023533
0.23443076807424562
0.28660536550600596
0.25272155108801814
0.19391637028904135
0.28652942153291966
0.29273396675739816
0.2574553571709799
0.25124863528330393
0.1961111188481707
0.3300846208126173
0.30047824377313664
0.3028408846723924
0.2219925634904739
0.2738674291230123
0.2918203352788173
0.29453756995157365
0.24811830460478407
0.24088233435919526
0.3529416951564474
0.2539797047956274
0.2737492331124227
0.30612871187542556
0.25328640653452744
0.3164016574347785
0.2752492055980437
0.2837013440941452
0.22984313117254765
0.3198919739198247
0.24670004926690267
0.287523883745211
0.31952448230270947
0.22404659122502038
0.2996937911444848
0.26197830963572233
0.25062263312689753
0.2736109990045565
0.324395852898239
0.29549116005591297
0.22979490609343992
0.26400414656061644
0.27792025350649424
0.3222297629631987
0.26857233430267474
0.2639864989376943
0.3011823753151325
0.2701713229538104
0.24622851036010532
0.2534149209840582
0.321001857245734
0.25950633905349524
0.24137132375612172
0.2958274185657501
0.2086623846937757
0.3199268552141452
0.252104504939613
0.2910446612113113
0.27955726445268053
0.29549961981423406
0.21895146916765684
0.2468342212362027
0.2935083825653846
0.21955971515506778
0.2648945467187724
0.29743088467405476
0.2591849661201512
0.24782146034984415
0.25209438253980165
0.2532141766416917
0.306391307793626
0.2664069891522784
0.26233028900732686
0.2444781453237621
0.35883327635056383
0.27227364931631526
0.27723353472324685
0.20476939727406984
0.29894908989241364
0.23599054835258274
0.2668226068719811
0.3001890773073249
0.22957577617890243
0.2299943618271329
0.25425482835244695
0.24859777147616816
0.31218899362677827
0.2805433718983186
0.283439351878035
0.3075778282016789
0.22813597048094514
0.3621701043133342
0.3069530080217834
0.2990932415384765
0.23865467720075484
0.20583413090180913
0.3033444982603056
0.3062891085213477
0.3025396805290782
0.28696463660362664
0.2768219586359252
0.2686994198812257
0.2710443169151971
0.2599540844969793
0.26428064075085
0.3052841925292934
0.2631859609840113
0.2924935093166631
0.2507326903693173
0.2416471234702189
0.2397251807221579
0.25879213924801675
0.2800711674974599
0.2640630761417774
0.1991297996372258
0.29341064735290107
0.2748276848311818
0.2793668270657916
0.21687152298218612
0.3103999875554251
0.2852291757360511
0.2951856561757009
0.28408463066871015
0.27944835446296484
0.2602264238606899
0.3116966543394491
0.29204841983427693
0.2587667184138517
0.25214224042148764
0.26453861621541713
0.3063583311137803
0.2964266246065087
0.27093860069546133
0.26620444819467876
0.257731299061294
0.2462065476890004
0.24834497532713304
0.21776356855663684
0.26141909585086576
0.23199119343670135
0.31708935778075403
0.2882658850162401
0.2918239405395788
0.18683608272753724
0.2850263187097847
0.3009144945429006
0.2649777917140121
0.274582177400589
0.28343868364981556
0.2803894948521885
0.25049900297724875
0.27002079306392496
0.3372948393909209
0.2811229857829733
0.22575364883886564
0.21214666607183055
0.3540099815491143
0.2743361122017607
0.2625624108205148
0.293222292300758
0.27498342438575324
0.2931119826955533
0.22077818939445215
0.286260794335549
0.2699681706384781
0.25952002816244
0.2418403565336805
0.21919657713776336
0.2594145812572689
0.2736897080316456
0.2724385945075149
0.28098974752863615
0.26856817537491473
0.2567359848853645
0.23171831489702976
0.24911098633337458
0.2843185600337632
0.2621658810781776
0.2592118335973232
0.21200582084305788
0.23734901284952775
0.2771423688722313
0.2387811041206395
0.2857538568317343
0.28905651848250574
0.2579067220928472
0.258122498015745
0.25473824744924495
0.25196575626320794
0.26772757681137926
0.33505068924448905
0.2333711588054622
0.26581390817230993
0.344215983644538
0.23177861265086253
0.28917491353979896
0.34006911926313277
0.2879791883153653
0.2807659588822531
0.2823931566618998
0.32174989389717035
0.24429815406099373
0.2812940027188817
0.24696862287477617
0.2836502981842111
0.3152151288242515
0.2478957001222383
0.2672736160798904
0.3260941163662377
0.2550377993408693
0.26369706397756526
0.27559081840952604
0.24782732211121725
0.24327573617663953
0.32480967126855065
0.27979941843846523
0.2345790359952034
0.2852381620932063
0.306362567691628
0.3307685154840487
0.3030113006403687
0.2554496242365706
0.27801155770590547
0.28449277784846244
0.2971800013419685
0.28539171240745337
0.23723986033999592
0.22428307155950353
0.23288234439464883
0.2507037058335925
0.23488991167567191
0.2290256135507461
0.34133055642110494
0.2616909865392457
0.2934873445865211
0.23251670134176902
0.308446522152752
0.29168142118585216
0.29430165586121587
0.2848927416932692
0.318202151071041
0.2631270013271122
0.26233548226706477
0.2690081815107153
0.2682589617891049
0.2903632488819437
0.2921693363320937
0.3287485772316609
0.2199154627432517
0.26794131168531715
0.2559421338619442
0.2942087579210964
0.2809399806578225
0.27713511815858544
0.2617222606588941
0.2908382989944668
0.22567694504326635
0.3070928309488734
0.2346964051964086
0.2831387273762204
0.2386842490336217
0.22702420632773584
0.291740044814731
0.30251803064565047
0.2634645752403714
0.21171440361836635
0.29080709322876885
0.27773489454470646
0.2642260530126204
0.33440643904406
0.253711073223604
0.2941735865326103
0.2985882141174526
0.33335376934174005
0.2727582071899274
0.3372576009789738
0.3003266636931568
0.2172343331739443
0.2772620976518054
0.3330831866745555
0.19224384044288495
0.30331763160338093
0.3230295758181756
0.20473248039910552
0.23147892077034765
0.2822910303916406
0.25692766029900366
0.25875687380449486
0.2656482906516539
0.298227683940065
0.23446953269319798
0.36389226295532434
0.29638029539257016
0.26608216188369543
0.25500931925729875
0.3448319492536947
0.3180679780080778
0.2422149200505073
0.36021519500181215
0.25133738031081104
0.26906476053622885
0.2958195089200221
0.3313893380515072
0.30209362233450654
0.21978547704329185
0.2508988703062775
0.3056419664019838
0.3208859694113425
0.23315878116756406
0.28917849391972256
0.24782679851995695
0.3397607486182397
0.2722241192235859
0.2656936251789058
0.26480744601389683
0.2919346914378875
0.28768581890184947
0.24709617326019007
0.298714697907824
0.2857475034687497
0.28305590754255244
0.2540686223485054
0.2964292701778062
0.3745477954182056
0.2702026993309686
0.2878063326581902
0.21894964165643815
0.3227687797961979
0.25318494903931926
0.2897875869492872
0.2684302551483889
0.28379420840412106
0.24519074892779008
0.28935295124666405
0.27448793152056705
0.2033115833177479
0.2505416809965711
0.25715364720843253
0.2486675499229256
0.3106365671398443
0.23773494198781633
0.3049510788480076
0.30573745468340885
0.23561473095088925
0.2652042215570397
0.22094636499334913
0.27430882940598583
0.30026900112082106
0.3464385637449562
0.2793330295917091
0.3065131992921917
0.27863228813223884
0.2861216336215308
0.2553398294733205
0.3345578222646626
0.24741625676461315
0.23179392092818513
0.27867885904574613
0.27792523814997544
0.2778576981583866
0.20754054571510455
0.24742284143736604
0.25923005238585517
0.29942888076152274
0.25923085677514385
0.2786855063307176
0.22445481277387078
0.3395236317717701
0.2826649081816367
0.29505988627398777
0.3747594173348278
0.2737270530757554
0.3127962618792823
0.276043975025142
0.25392340574789485
0.2887021932033224
0.28225229256743684
0.3096200099232
0.22369738155548727
0.24778929216052414
0.2809028204427947
0.310597490826878
0.32168478867329586
0.26226023550427285
0.2738966069637089
0.22629778893715743
0.3108797245616213
0.3131705757674821
0.2736568486471789
0.3505918080106788
0.29305372872483837
0.26572091016200705
0.29000060957506163
0.2834593344719038
0.2981967737368487
0.27050132024178813
0.32350775189355974
0.24280157056423501
0.27304343346062054
0.31118881702423096
0.3053339872885188
0.26194073300842846
0.33214799471951406
0.2958311424889696
0.25458121518476295
0.23873354070777192
0.270570248638818
0.2989630231616694
0.29076533251946124
0.23677141786715306
0.2413573005330672
0.21661779940675158
0.33424051174330055
0.24336963126418787
0.26269951462745667
0.2674737865224891
0.31763562806155704
0.37724195789853365
0.2278741677419855
0.33140989974004414
0.2735435990018582
0.3206823268614778
0.32376608854040095
0.2679113871460661
0.29630839797334935
0.24979700407850633
0.2777054091112329
0.21186738604799324
0.234134666690039
0.24530190038024832
0.24372578487483734
0.2663217443938649
0.2737376616088622
0.27048757234844595
0.29226446042367077
0.28072360322016093
0.31636760212959497
0.2704018280593627
0.32268722997892885
0.30011023348624555
0.2628436307294653
0.28677779900918315
0.3192053128273115
0.2580675168321767
0.29673631284215035
0.2299174513291875
0.26347604694716426
0.2558059968532772
0.2805262139630974
0.2927897528770867
0.25676439880231106
0.24889332220095015
0.2647763230931868
0.254586525466464
0.23067058199042573
0.2913493628895611
0.3051638920372779
0.2927190322394765
0.25772046386648756
0.2611923521264977
0.33317145541173604
0.23962726696915582
0.2784112670006008
0.23757924207853615
0.29120327983427485
0.3068615985572885
0.2998456894804578
0.2181276905974117
0.30010348941208026
0.2743442312839928
0.26721481172316663
0.244219221106363
0.2748086518103923
0.3326725169606165
0.23370261121233668
0.26856711370135666
0.25264147142751503
0.27222631147148413
0.24947607763316654
0.3390048802445788
0.28583996148284424
0.2590035659457565
0.32785869082179636
0.30203381126080087
0.26266905829447124
0.24211632767948535
0.28212699622189236
0.37934703044935103
0.29087906146268233
0.23517209674240253
0.23706325478510026
0.24704572503719854
0.30585406953041705
0.25903578471699984
0.3007039731248803
0.303152059469748
0.23408185287353095
0.3013870459084117
0.24459722856862828
0.2752646746438578
0.3859342038631439
0.22574807853873716
0.34035969682789724
0.26935131369380777
0.2076447422898144
0.2804176432823916
0.3089456178179575
0.22701063533441737
0.2781595768184837
0.30731239039963537
0.32986667014043264
0.31572812002733214
0.2894925863370983
0.3251532778280591
0.25237915603392713
0.2338445000692245
0.21853730684026665
0.27882510068219735
0.2940981333408881
0.24873248180118177
0.21478976404994998
0.2636797966760233
0.22467982468255068
0.24682486795504158
0.2744440250440475
0.25531556026651225
0.27651909759285254
0.2737920084677705
0.30965004683634556
0.2505308154526107
0.3076487746807413
0.30097610469258157
0.27840815388828244
0.3181535402022371
0.29532723333857475
0.2574114892460884
0.2641300684815153
0.25210712590348827
0.33632484105748867
0.2809818797155258
0.2869938313961029
0.25000539449376796
0.2636333999283817
0.2768441471484823
0.2572742295921396
0.20914463575826872
0.32069720013425984
0.27205668977641184
0.3281850046520933
0.26347194844429644
0.33043635411000033
0.24022820591926575
0.31228524173071626
0.290051954328467
0.32360219736711693
0.30951887369155884
0.24966528054771073
0.32533606476740007
0.3200174214643076
0.26419050102933833
0.31967443637891646
0.23182549225080998
0.21699299779506998
0.239349456281837
0.2618899006362355
0.23432668770125153
0.23388093409188296
0.25348893300108954
0.24037424140020247
0.26163873595928927
0.3322342798250531
0.25926447734920255
0.24125619383033262
0.2905724363042674
0.26451957964022227
0.28586440184794437
0.28774198260876016
0.3071955770527551
0.26092250522123567
0.3148942726467728
0.2898043057787309
0.2688585087793683
0.3082855518804778
0.24822228736833696
0.25256029099499416
0.2533068993222823
0.3208893275042193
0.25469039011439054
0.30721383111192546
0.34705052736702313
0.33423768435049495
0.27444260218821537
0.23771674862695397
0.2593657852859672
0.29380692828685867
0.21520508812108172
0.3054452117429961
0.31642544023487545
0.2664696005506253
0.23285113069989266
0.2503735250836119
0.2473664707546934
0.3213256592050605
0.26999126087634934
0.2824327024297977
0.2529914901344054
0.24976680803736415
0.311023628219552
0.26355819855261287
0.3099999783235952
0.2248151373425755
0.2917109407963009
0.29852905076578123
0.269405081458048
0.2895434282788443
0.25294067772156603
0.2727279540048827
0.27652613449534147
0.2615121296786387
0.30388703477492024
0.24407906898664772
0.29250190947033944
0.2511016978036373
0.30077432054992115
0.2646810289369811
0.2898349641659938
0.28890467947776166
0.2649546812433715
0.26152088308553084
0.30591834685124386
0.20614777601093326
0.22191086630208776
0.28149738360982424
0.3032529408778619
0.2725647750797622
0.2510605252117192
0.28740156134334177
0.25285981800578056
0.3019884521261268
0.2683496721293948
0.2977907067045159
0.24488832507658442
0.264192744952823
0.29403887320002287
0.24047971345962735
0.26077712812554943
0.3141663219403783
0.25006810760279313
0.3105578925631462
0.30050746973501435
0.31110272850465337
0.3036219258920862
0.23760708811086254
0.27696357380359543
0.28582878178412763
0.25989341435082464
0.2976546303941569
0.29691214244300074
0.31361282992800443
0.2963085642101568
0.21740836205832456
0.32382325404280915
0.33343598191891244
0.3361412087164888
0.2637729751407553
0.340274709627169
0.28350413392443174
0.2519426274737087
0.303165625541582
0.3523037198486678
0.3033507756136973
0.3003347989069213
0.2841829704035313
0.2972900345237977
0.24670255266198324
0.28372444034716404
0.28171565691265493
0.30594122136404756
0.2512150076004343
0.28700114745612537
0.24197002534472614
0.3196751907331134
0.25755080170587663
0.2938909618132705
0.29861176260020755
0.2808846229806953
0.3075750738108924
0.24532664751787797
0.2755958946473008
0.3352351426531415
0.27125569002343974
0.2781272175115183
0.22326100310054395
0.2899303715163415
0.2704280904673655
0.32295376663907954
0.29247616026379647
0.22275296701203792
0.24631062341392587
0.30057579579703303
0.2736278903593711
0.2629874832586411
0.2776606408281064
0.3504463259233247
0.3289497861074745
0.27515968242916494
0.2670318281978642
0.32884779326412655
0.263824457422309
0.29200982418629007
0.2957879430657133
0.2842567770852955
0.332617784312012
0.23838078100746923
0.21607106541274884
0.3329652361913559
0.3125356301802014
0.2906861264224446
0.29467421934145305
0.29102499960759365
0.26551587811303795
0.2577011478603433
0.30494806717295164
0.27679632863867176
0.33118702402902306
0.2407081261140491
0.2109296237109998
0.2600637020867899
0.24518048681250407
0.2638803624778713
0.2820368723584971
0.32961478364576985
0.2412363244306057
0.26089026977162844
0.2995075720165848
0.28932441319894353
0.2288710248032841
0.2670518679356356
0.3329398005927375
0.29319387564965343
0.2867173506032436
0.32707542153673436
0.27531483222585207
0.24569315265078062
0.286297215234249
0.30862554689066124
0.28435580282036316
0.32693214290732636
0.2558357942541805
0.29027391874462094
0.2217218285306878
0.2690172313003365
0.25663251450302405
0.21440093342317354
0.3146017311363045
0.32759816548146237
0.20880051873145847
0.30028367480006785
0.2534337792921504
0.2712737510510541
0.27592996145607135
0.3176730428266963
0.2941273696925662
0.31130645335267443
0.319523807239095
0.2316666989151491
0.3292949929696704
0.3300348771821468
0.3119318996547559
0.3558624252813672
0.2667634221938772
0.24084244654812945
0.3420373912251324
0.28890420592159305
0.30616824369911755
0.2869907953870406
0.3130601939805057
0.2319703668082526
0.21175397344685476
0.3080806797797527
0.3255559110313381
0.2884554554016218
0.32661788151898513
0.26356873791152186
0.24586760943089056
0.3085149179358001
0.31705635704031776
0.2824033512434828
0.3250417274619461
0.28812888264656067
0.2997875418684898
0.33579871140488793
0.29434936418445834
0.2478042428099781
0.27531524262297047
0.26394736903523086
0.2798754999396998
0.2794212750885465
0.2604557147266668
0.25557994022281894
0.24057460378069395
0.3277904311998175
0.3117464791744127
0.30012549500946606
0.25881126632384205
0.27769640552888225
0.28763859370432865
0.27540914345225065
0.26462165505514235
0.2630238975953618
0.30448056935170376
0.2831841666217244
0.28287968148878956
0.356735089503297
0.3147314844328329
0.2923994709592347
0.27557885428087425
0.28919372673428384
0.21748955315406168
0.24531446137559523
0.29867484837497044
0.24674151249981802
0.2733088816524646
0.3027075766970258
0.31637820054631716
0.2503770693726496
0.3264936331762086
0.3468883729309117
0.33056806506366904
0.30400209798725375
0.2997654889701703
0.2624589631316859
0.23375419329065794
0.25909438865994094
0.3297513315983869
0.22015921265707103
0.33185581903938854
0.2483093508886635
0.22226770837372595
0.3008580719112256
0.3005757433011991
0.29557263796482613
0.29425452280482023
0.2357406525983723
0.25867617595086406
0.2948604094872781
0.27622863732346703
0.2611716203733322
0.26941610749708406
0.3317471966830962
0.24258924022727058
0.23321901767625722
0.31991596971083125
0.24125531015046145
0.2542934669267147
0.2710331957274621
0.3268159037336297
0.29223515899903185
0.34978864526529924
0.33677914000432424
0.30313805401872057
0.25585318732699125
0.27827605167660147
0.35734919397109144
0.24489844255491133
0.28558608971604516
0.3039131394220055
0.31638734493780574
0.2659260780986296
0.26952382375340944
0.3110628603795253
0.3383164761263296
0.30485852869278796
0.33481621796931693
0.3156579145050924
0.29918178205096396
0.2695741237850364
0.30786814219361053
0.27976136634109217
0.3607217910092905
0.262068505954305
0.24670291712524695
0.32887181694354484
0.2572353804877045
0.259242854807355
0.23451671906567495
0.3014195260651615
0.26098568860543975
0.20104162490695987
0.2372403218658692
0.2941610914304716
0.30450785187406276
0.31194566422646197
0.2856230869752551
0.30845965349346127
0.23764702869117807
0.2805093726433745
0.33719053837137486
0.3088459752568411
0.3061973004166139
0.24859233788394053
0.2794420741019993
0.2843182453321754
0.3259645473519596
0.27054696072132217
0.23337458306496298
0.25489714085508924
0.18938324894380132
0.25933103905905275
0.3363011386416374
0.32194737228778525
0.3135440781575824
0.25577710336501447
0.3125279879351275
0.2795128827794976
0.22547443662214717
0.24678740889654247
0.29061059530721894
0.23369782042065892
0.25939367561165344
0.27598849048308277
0.23977241002091573
0.2194666250036397
0.33909764694511346
0.26785934818994017
0.28462818620401786
0.26372948617016506
0.2399144796056485
0.3389502591496214
0.26697690552527753
0.297530662575993
0.24610627545129268
0.27631602238077635
0.2609564188970338
0.3196604522543216
0.2705499379459871
0.29513941390798726
0.2762939744039413
0.27108602321476016
0.32324832705182766
0.3348938675101744
0.3543736896383653
0.21723780008631016
0.2810300755391427
0.2837861620504922
0.2983403533970544
0.3132664287855866
0.2705069446782453
0.2690137758714343
0.2870368268511711
0.32526301326008017
0.30506253351859
0.27987761836533154
0.24943795854892206
0.3056327282288753
0.23058384738930868
0.3583383278562388
0.3118632055750681
0.35677149126289087
0.2522219348391262
0.31912400580327444
0.27870206193092767
0.2989271099961132
0.3173279863431913
0.30086393503967773
0.2613832261584221
0.2764136583433239
0.35331925202947145
0.2305264060103565
0.2620393480729619
0.3314524402312182
0.3056455279162171
0.25688132671041225
0.2890155304462538
0.2946755251753221
0.33014354246472
0.30172634042731117
0.33357333672156025
0.3060073002215919
0.29634614521210345
0.2809822824570017
0.2763801241686585
0.37203243210775044
0.3300801247631738
0.23441799053358375
0.2842115273169421
0.2821903731844841
0.2526096873873964
0.26929297387053114
0.3046612036884378
0.2998524234382384
0.3407904103808447
0.3640842290099608
0.23689805422354182
0.27103096711526226
0.25684230863501173
0.2982689440250397
0.28232061343455533
0.29456936438149267
0.29205954402958584
0.22110123289834469
0.22458438889695964
0.2213357071810906
0.3214578360592553
0.287886099804432
0.2634385985518814
0.2697580637188133
0.266328239112819
0.3043883702623735
0.2865236368748026
0.3062626175377347
0.24178923762172733
0.2552490644498703
0.27192991698553803
0.2983009902709121
0.2874769371583921
0.31367585828544897
0.3139118762738114
0.23598340317743635
0.2629130471737013
0.2725846696337429
0.2616271163345477
0.3461387124630289
0.37723005009353705
0.18107688126214053
0.21967663486069494
0.2914902854950056
0.2902043937543117
0.2657058537006378
0.24419228609548796
0.21073188748928384
0.20735679334456766
0.28166912154320184
0.31114495538790293
0.2652129785183373
0.28534796724625683
0.29650707283151256
0.24890294643717076
0.27179236587034455
0.25654842547320444
0.3147842807507296
0.34377223882106467
0.24724420166890557
0.2766116029078807
0.31636402311675044
0.3107996090836481
0.2826200417422373
0.24334863757868425
0.2383217540902829
0.2805705838794008
0.23354347610692366
0.26988673155460885
0.28415308168175024
0.2893263806990527
0.23899152984312916
0.31161856596622994
0.3789690188858487
0.28263296337302674
0.2908050478051562
0.2799650657614437
0.2920055736642365
0.2578208397287841
0.2833887519092735
0.2632165581261346
0.28921182576669463
0.3039839281401503
0.21639872663611665
0.2870667631473016
0.2513432434392632
0.342499605286012
0.29390094094320174
0.2724773629542884
0.263758030506449
0.2903575219145609
0.2223850392967189
0.3007684973401761
0.3241586335208438
0.2840015694088892
0.2717611901803848
0.30333688827829625
0.24433998257742015
0.24331016059315533
0.30071639877940537
0.2531833421746525
0.30409844643479095
0.29517664849211317
0.27195676587043555
0.29122711540362156
0.3362308428921831
0.29729781949192013
0.2544861969051011
0.3250823704474563
0.29217177465421346
0.2986759250863976
0.289554500251735
0.25421788440931825
0.2705420094345688
0.3183162690849479
0.26559663174349235
0.26828373818222534
0.3065720949697932
0.32125175901509206
0.2676407456944842
0.29117528670424714
0.28697307503551517
0.25095492874810454
0.2746574741984726
0.2630381802900122
0.29583466873256437
0.3319364972070816
0.27708972594059933
0.2924458685271237
0.2884952002162233
0.2882756795905052
0.3431035058760862
0.26655659954482264
0.2607840769881502
0.2524467591845661
0.3381788238472895
0.3120991571233907
0.29335792622434986
0.2946682534086595
0.22771835463856338
0.299373312827644
0.26107553549862783
0.23958174925331677
0.3206224291149629
0.2955175280024152
0.2985280424083045
0.19887761402567591
0.28738113444879515
0.24155186403781995
0.3134989987272735
0.27018665775246575
0.33653247329073216
0.30607713799957836
0.331101838055007
0.2876237084012513
0.31846228706727336
0.2987334763785021
0.26161878590190085
0.23930535075861378
0.28933748630208705
0.3481475172239706
0.336360555449757
0.32889056588531634
0.3398890979246262
0.2879253286834157
0.3490470502901515
0.25179707019700914
0.26876903919998657
0.253972649300864
0.2819566248206917
0.2956441383843028
0.32324163520008053
0.2426693975378614
0.22323704722824447
0.29462258449388207
0.33024658467791496
0.3590171687099912
0.28480846646728863
0.23425571552110375
0.3028363301119673
0.2819716708922605
0.318729677331557
0.31782432160246266
0.299477568460167
0.3253872629699357
0.3017210386215
0.26315321205952846
0.3122985882496615
0.2342484844933956
0.2900393000983317
0.2769084523577209
0.29583463236826274
0.27609220365865517
0.2710652373252659
0.2806745764859226
0.37412028629845434
0.3103668172971918
0.3250121102420562
0.25119087892934816
0.35804997042778436
0.2981517678553905
0.2563417824583316
0.26754539056655463
0.2376549736075445
0.35783780960861694
0.2366026104043383
0.2906844432747692
0.26118464070722597
0.3165888444546166
0.33633055681482366
0.2666833236676837
0.2651175872995219
0.36459380142185666
0.30128198862075806
0.2418006945640669
0.25513300764451335
0.3124867746042549
0.29020598147987225
0.3372850379812608
0.3035087153452252
0.28416349827696424
0.3069138234361596
0.25812115964539556
0.2781448566585506
0.29784476428950596
0.2653252534363248
0.2850964378326311
0.24514259876461203
0.34101355595326205
0.32462562771018494
0.299211448759114
0.33628323701543544
0.308629628988581
0.2395827267148079
0.28336067128618925
0.2557660644754357
0.29889019612872275
0.2962078572413243
0.30968814924222615
0.27519738455431175
0.2718787401094349
0.25565593341074955
0.28095154532598793
0.3018286192635877
0.28409097309506265
0.32091652745500615
0.3272468510570876
0.2905223859012674
0.2611885330545793
0.31581281166557873
0.2662517543232769
0.2858832267993087
0.20712847802617135
0.29447454678902935
0.31114903283775397
0.23834691955408918
0.2608615750566535
0.3048642747992769
0.35841321015576705
0.24813644082174388
0.32429499965195263
0.27399400696841947
0.31889523606781567
0.2828719224951683
0.31739734564352473
0.2906685466066413
0.2862061098081256
0.28479497038989987
0.2648380248371614
0.25747927066383014
0.3086684283313401
0.27659753867245596
0.28500522331360284
0.24992380885902896
0.3234749649642804
0.32787350503676527
0.303439679769201
0.3178661216836457
0.2333813987740683
0.3237930137083071
0.2692722839499832
0.34639955988717736
0.26630336757099954
0.2947513592352561
0.262261490209387
0.30062827085136273
0.3081779548334419
0.2809587804549331
0.28608787251174994
0.30806360496293517
0.30572015429855487
0.2770912554285942
0.3040967578187995
0.2838874243268179
0.32856819115647484
0.2408903427080277
0.34798387950713483
0.33261942289291174
0.2994547007827584
0.22379239874148588
0.28722243352767524
0.29387149816259334
0.3029734150532189
0.3356265592465707
0.32067964000439425
0.28339179612080984
0.2953796187125215
0.2702493992967343
0.25352316739362313
0.31363638278541217
0.2872734602985032
0.2544077159067906
0.2922558757143283
0.26607939108796075
0.30581127558279475
0.23906982765285248
0.3219389989288575
0.24606969843216991
0.22914598895869123
0.21903632731612668
0.34118832333372273
0.2455447362650425
0.21229285384536883
0.34778561531950575
0.282413072542313
0.3031481395073987
0.3212034677693603
0.2621736072619027
0.2650308425820202
0.3254299587612852
0.28836755522894203
0.26355454407700707
0.3169544828594278
0.3363224896815939
0.264333930310853
0.31684348998813455
0.30522294629604446
0.26545422230291804
0.34030868072028553
0.25057574477764444
0.2518301062080838
0.2698839755233275
0.3403765151806928
0.2858284320853172
0.316863226234366
0.3514064501184936
0.365139356993754
0.2630094065578706
0.24632486263546374
0.2926522955435132
0.2840210877427267
0.2986658272940084
0.3387011888377163
0.3734501329583859
0.30651461039114436
0.3246809613267216
0.31593662992529914
0.28409584509123353
0.2829041579447755
0.3149572340173459
0.26227461252737483
0.27304023039450337
0.320593790997059
0.2845277572990558
0.31559273627919887
0.25534819134878456
0.3393279650342574
0.2890951086621766
0.333504444688832
0.25710998543905556
0.3399454059950802
0.30050642638031494
0.22822789478739466
0.23707965125731373
0.27154608822743825
0.25497934030830316
0.31204260653312055
0.30541245242871273
0.320243779945811
0.2605743378127387
0.3513303478376581
0.24874297331232542
0.29194295761782096
0.31124675957434766
0.38173994558666824
0.3174138069152832
0.2993967951437749
0.34049176732334524
0.19519921863844636
0.26238555946481334
0.29252291627980154
0.28831210130945256
0.24415074603273235
0.24458508836020024
0.30176063223716315
0.2144548816418429
0.24225175298682047
0.2973927475443674
0.252493707138464
0.28991574677852316
0.2745719994973699
0.29983205423442594
0.2870969876236872
0.30691972210866597
0.30552275574535404
0.3182435254438208
0.2749770188003505
0.31445108313079273
0.277676994374039
0.27247131144234893
0.32330856629467886
0.25206030946259106
0.2876235353290488
0.29895040775657794
0.2959348789048851
0.2746824160081531
0.28891373200154086
0.21942863469823784
0.20599415242125135
0.3168281499945789
0.2628639056048262
0.2875764799227408
0.32248594509352235
0.28666273360952327
0.2589452406135174
0.2585449303508899
0.3425963335080978
0.2698834478308301
0.2770233173435981
0.31817336093395127
0.30558692014545474
0.32889844709580096
0.269909652274683
0.2751440222657055
0.20852957023393123
0.2497905227569265
0.3865699858293621
0.247668056313051
0.2105209906713678
0.2909691063089108
0.30245312856971673
0.30958661601084086
0.3451712229929933
0.27729430302567437
0.2586579582559953
0.2765174893611068
0.28044197728874487
0.3380986679037777
0.34534063497814566
0.2839863601080868
0.31251544416497606
0.3542614931907129
0.25230887887674736
0.3163526263258873
0.22647092183795545
0.24324232039101626
0.3290700584376624
0.2825782170536321
0.23623309687736932
0.36164267730275423
0.2929421532044717
0.33802305312331665
0.2696460031588143
0.2800947241826889
0.23529118545558475
0.2849505330444476
0.32446099667374145
0.40979665408440685
0.35790321094180466
0.30656819441996586
0.3238302458316908
0.2943098864970951
0.2888252188306336
0.28281101256335545
0.26873773582484745
0.28546991288115126
0.22446050720477323
0.2565641509830405
0.3343313899608927
0.3076521828087098
0.29093714728267916
0.2679692484916897
0.3211123891379855
0.3269531535446097
0.2694564201963057
0.30093494440437457
0.28737659465282334
0.2555729230062677
0.2611113723811753
0.30675552853750526
0.3201608302396372
0.23977574788102315
0.2739797045878314
0.3343899824203701
0.3543919702188684
0.2709452974686929
0.29139558054985254
0.24888293431439532
0.2969905985604732
0.3166421255387297
0.3259925998132163
0.28079786787339306
0.27013057224247433
0.29022387326310534
0.3022121098063408
0.3195986821563966
0.3416511941393581
0.2745614270551489
0.32536177268815697
0.22142305368677193
0.23983291338343138
0.29228926880644
0.2864144277681998
0.3435382648892359
0.24335074670817874
0.31116294942864586
0.29251056936902736
0.37451542845559777
0.3033192824879917
0.2962722097514966
0.3063503386230644
0.2479711382760914
0.2848281144002162
0.28458129402694354
0.32943348709596404
0.2723949628138761
0.3240902839450661
0.3159901967289251
0.27703223015190265
0.2735359646858425
0.30126177170954715
0.24386364686379738
0.3750323478235017
0.27240565528563404
0.34079819999703576
0.2721822453201364
0.2839451886098319
0.2575696449760997
0.29724753969306245
0.3334338358782847
0.31519254549927667
0.26376834238341096
0.327004007516651
0.28596407339113566
0.3280636446738462
0.22182564751817546
0.21432819825793625
0.34061069444778863
0.28010780822246445
0.21908593833993334
0.2882440390936825
0.31336153373805753
0.24427891625176876
0.28487696642175725
0.2579246912527522
0.2776687722140496
0.3055439769128047
0.2677387510417798
0.2801781895510647
0.2937695408632996
0.2210979489011502
0.3152889964777395
0.2917047665206664
0.2912371902290834
0.30103627339415595
0.3231328928142513
0.3051413551929894
0.2925457413043451
0.201959297744506
0.3112381524449095
0.2778943181037903
0.2923148465812753
0.27790036988914557
0.2980402366283837
0.28631278653757286
0.2800957035580906
0.32336841263902294
0.25031138013262266
0.26955561380867565
0.2713466185495394
0.29124662553498504
0.25784674423550247
0.33085631804728727
0.27524640035191805
0.2671380185206002
0.28713316846331327
0.30049815445864964
0.29847417840170204
0.28717721000723884
0.27766480850517206
0.28178386048439447
0.3088822025771535
0.2748259467269302
0.2813745436318424
0.26235812027519995
0.2675440847326856
0.36143097664238116
0.349292483625062
0.3492302539151743
0.2813546091591546
0.24681072442903432
0.30032225623043307
0.2641218887009752
0.28122214221079417
0.2716604785634837
0.28881776141464166
0.2610569506063374
0.3064589052025331
0.2868369995454036
0.2279467314755151
0.2410414087663003
0.3285544205696211
0.29351429627576003
0.2803637831036104
0.22504531380233414
0.25372826096114764
0.3166947706576881
0.2801314141225377
0.29141330090137796
0.26562340653270755
0.3077404969329134
0.2690163071549267
0.2680934793358549
0.2792988023079863
0.26710039759994647
0.33056133739445187
0.3026122245766701
0.2731289765156737
0.3201159118512355
0.2618925390987221
0.3714652195436145
0.29985337793280226
0.23970024793519887
0.3074279432996697
0.24677381493629666
0.26057434738229174
0.2717413661676809
0.2833493316392286
0.3122730189507161
0.28458850236114014
0.34735570588243114
0.3207784522017208
0.28361707980479667
0.22156280607258508
0.31483225209997334
0.30686121058026583
0.27840261311706055
0.289146205154034
0.23628366403623458
0.24836777902524407
0.2943274750622041
0.3224822660104944
0.3050772361799118
0.29329761397947957
0.3075994458220421
0.27661305310529305
0.3003438667419854
0.2842181628450341
0.35655832017233613
0.2799892925888027
0.30370029123551257
0.2472054190045103
0.26071512863176677
0.3082362561050905
0.3295955327125864
0.2563747326168445
0.2950914261537954
0.3667873740196228
0.2739732210789252
0.23664499860291088
0.2860614578111456
0.2612521588255506
0.2666212375010919
0.3013946493284418
0.28093993909862064
0.29891250521764845
0.24856813894499333
0.31523251943632
0.3492318927694898
0.36565176964899815
0.23627716877044888
0.27938374849634434
0.22277813083534942
0.2804639216409911
0.3171190966706757
0.2699635346001441
0.27367442162758715
0.2865541202759524
0.3141306871121083
0.282043519096637
0.3155603168207571
0.3168025325744524
0.32921505657904737
0.18931317110674098
0.302021201870857
0.25178870449372387
0.3218835231361039
0.27173621282665006
0.3014774117447914
0.32849012985142
0.38555209051578415
0.2775740232489525
0.3176915806914688
0.24095863131208156
0.36082348336867237
0.40825316309928894
0.31260530800994385
0.2752603732664651
0.3269893201666141
0.3168645101949709
0.3239757033116227
0.285723638917328
0.25192205977002413
0.2335275925627542
0.328399718901433
0.34084437883228336
0.2654719672618656
0.22634915884481657
0.25544690347592763
0.3715258691835841
0.31581486146384424
0.2670359504879068
0.25540725408344095
0.2904582294302249
0.3531026823805013
0.23875198205676648
0.3852223403956912
0.2720955867286122
0.27440751063714336
0.29715135228743245
0.24186839067607846
0.21909692391343072
0.269609275214169
0.21916101011661215
0.3195982394962136
0.26835025286455766
0.2553021355506477
0.22668130299366943
0.298161727299384
0.29785527658025057
0.3259208773801086
0.3360478180810946
0.35636304250550926
0.38499208902000287
0.2617302952556435
0.3194834023987481
0.31611521610426246
0.30783545642817783
0.2829442319520023
0.2674439087373401
0.2714845360419072
0.2815752762173294
0.2744950416984908
0.2992257574282655
0.36486069242888636
0.3216815339315922
0.34484167492717777
0.22951063541097377
0.26295608364113976
0.2628084309057358
0.25821082772464926
0.24519026744256325
0.2534942060982415
0.2879731042669454
0.3100515595816691
0.2760499138897712
0.2713288612868808
0.3141769553543231
0.20613504850536313
0.22430257512888777
0.28633196282824247
0.32848407806606467
0.3079722734219437
0.31107207558570654
0.2540245053418186
0.21346581501698275
0.23649733301696427
0.2810171328553366
0.29489378344028366
0.24949784699929964
0.2901654795769158
0.2736948673878241
0.3462618594869561
0.3245502508014714
0.29095657292855986
0.3264226697453665
0.26700586928140135
0.2587745022883109
0.31538945819259784
0.2490892372000108
0.2997111691794264
0.30363675760566644
0.2519482964769416
0.33117059064567633
0.28751950936579923
0.2997486665161378
0.31076371150279264
0.32338454171058234
0.29767438495924714
0.25837108410826515
0.2656354515924366
0.32396106681692494
0.3137432648501265
0.2922647819606536
0.20984915363679238
0.2779595761670979
0.3129634775152994
0.30615528898501615
0.30030605661759685
0.31156793674197764
0.30035063952480984
0.3294059861143795
0.31292517168806233
0.2839771295906207
0.30830282547058313
0.2903677566882667
0.2653685704283758
0.27038365657176444
0.30480387916258717
0.31179354797809494
0.35529652839406917
0.3554556060821638
0.32522504674185304
0.26974856060579283
0.3155015015274013
0.27770715405087953
0.2990054064387575
0.30797120628006963
0.2743300207711141
0.2526035940428393
0.2992142961112731
0.3166479624192649
0.23382569261647146
0.24669566121670083
0.3492714158438761
0.24941653122595692
0.21718032316330377
0.30796621480119335
0.29934106944897854
0.3833508283720104
0.2685603986092664
0.2687368351931966
0.2350796160347965
0.32467460112834196
0.20708117189757322
0.3523015131097321
0.29516531513371597
0.34606540011703424
0.3379493828760375
0.38526968179492777
0.3082965571399129
0.26336376792793975
0.31297318404967633
0.3061045200452892
0.28570006774106155
0.3191168838684712
0.32435613378472283
0.25296374307859926
0.22318791167451701
0.2202569544315338
0.3011068441999068
0.33460595082799227
0.29449734693273494
0.2530681892819361
0.2987356549556102
0.27965818222509614
0.20641482641937536
0.32517896414896763
0.34190134116269033
0.3074002123753959
0.27890811436766877
0.30342258854743537
0.29339805436790534
0.3802438383802361
0.24968954237229232
0.3276153759125176
0.26437110529033414
0.31664152238347115
0.3144386096285024
0.3105285941460811
0.2965910210521943
0.27204589176615446
0.28047605036595546
0.2878770817310438
0.28117803285974974
0.3246351871468605
0.285386612109088
0.2680818906070989
0.3006828506605341
0.32292155196907324
0.3078424249767163
0.3420679342309269
0.244080542697819
0.2551436254737574
0.3085394113435658
0.2894693462673677
0.28743499572123954
0.25987306401270244
0.28310570558276743
0.27049902901736966
0.3597490284421028
0.26379203085505637
0.29327320013571223
0.2864584124416386
0.3045019622242779
0.272268149010632
0.2592857903843626
0.2506255042662314
0.3097036737914479
0.3245851088554487
0.2875600429849887
0.24732656517160048
0.33653062992139693
0.3700752515311635
0.32244302400755226
0.31072198004897583
0.2550453754193192
0.2739270441575882
0.2888848387866939
0.3399564358619375
0.27762146635886725
0.2884331277204216
0.3028604902258707
0.3458388836011974
0.29488494554790884
0.2464713314804462
0.3207394062379085
0.3391188675657325
0.2816276908467669
0.26648149659874243
0.23508959817230154
0.2524890451256288
0.2887937166822066
0.31542268887572333
0.2934292300578651
0.3098637076146012
0.324784862065534
0.34021447229822843
0.285497721182097
0.3182216510860198
0.37076379536488735
0.2761686695825069
0.2523103298944071
0.32012139985320764
0.3177531358845737
0.2992766526860928
0.3316839378361308
0.2842193945832209
0.3071534458650361
0.2581785362248027
0.34321744398239556
0.22139842029011578
0.28485359183145226
0.33514392950119226
0.2559233586722558
0.22311884821008104
0.2008159218031332
0.2717465052910901
0.25191903169002006
0.3117197798479588
0.22041330944507495
0.29308001218585794
0.3190601987576266
0.2643555200428044
0.3071462635053407
0.23823735582719155
0.3136071748689774
0.3614682281782868
0.3786750104996042
0.21093794703483582
0.2540952809360049
0.32357672321687053
0.29009233838921294
0.29390702061696883
0.2306156847455086
0.24820855314578485
0.2981268875642654
0.30466252893482876
0.3193536950360744
0.3161778135584035
0.2802930955493122
0.2580789398709568
0.3174171248160371
0.2886540594450924
0.21847259943638372
0.28960377306019497
0.2290814715787905
0.26313344573755876
0.3151374453798347
0.383849234482564
0.2844253789394274
0.33815967571844746
0.27710179424067155
0.29537000842050676
0.26239441239505734
0.31183945394437246
0.27464426001277537
0.29272581103744855
0.31404182697654864
0.3238961559916855
0.24030289874164337
0.3370877523487861
0.29772975275275904
0.2657065987586975
0.33339584721337767
0.2895723001672587
0.25248965538969825
0.24079392727361906
0.32897997640688487
0.26905084804657403
0.3657341030759549
0.2733538508962054
0.2901498358184045
0.29905312733912687
0.22506800321264003
0.2778954653564943
0.25450156916172134
0.3154317867865256
0.28016779072787784
0.2892463967340802
0.34947968978400623
0.2933872782309121
0.29267484250418635
0.27081674501436565
0.2616824212424252
0.2596358085444214
0.24769867095378562
0.2886257576286246
0.26408359927868624
0.2852223493637295
0.2940942467352666
0.257734538218297
0.333790470974161
0.3080380362108213
0.285126239881603
0.291815851259669
0.31020173649175453
0.26756128860176154
0.2558196698306897
0.3221970009147574
0.29510452851242974
0.3281438848294249
0.3356408977180446
0.268725470665398
0.24151379826965683
0.31539893779185935
0.3171836219796347
0.27273522495129787
0.24379344079472604
0.28163069021811177
0.290568083524704
0.2795434492990511
0.3420066415169917
0.34292097239319336
0.3266755788151277
0.25188960476752814
0.25833019532194923
0.291354077671646
0.26256010647213784
0.30099721020514814
0.2683680872304724
0.3268309303926765
0.3149528227268009
0.2591496733350491
0.3233623873750004
0.2947335451021107
0.2914776154067538
0.27614250204978735
0.3115795350402867
0.320108496541277
0.3232377149643154
0.26667450764857303
0.26150177132099045
0.3418771042189467
0.2917915065900995
0.21533502077837602
0.2809869067384562
0.34425492489009824
0.2733192897717887
0.299711256672483
0.2721316114478155
0.3214883689486652
0.3126375016269334
0.3292274127859588
0.30500195606039204
0.28684916080684836
0.3001607175267071
0.3516569129370768
0.2782385516057321
0.3231008241482831
0.27299689016210926
0.29388876300339306
0.2574668201284671
0.28483123079352424
0.36404349880480985
0.3045563965762427
0.23949832817830077
0.30646452389725853
0.26110826938524156
0.30844395231763155
0.29036704580718226
0.2796838048401229
0.40330939965510587
0.29892233834354154
0.31745584678212435
0.2812273570703804
0.3032485839970615
0.2533305629130897
0.32989316631894594
0.3362359541271805
0.31419806660862143
0.2517118268056747
0.2572042212026929
0.2419504088546158
0.2860376184139777
0.3210349862181812
0.2667340751087994
0.33651159197912306
0.3568343235812056
0.23654374288856436
0.2575693543351025
0.2992013061265333
0.29670502231755386
0.33478652337275516
0.28315113607896575
0.338110029970834
0.28526382708768233
0.30633263084866585
0.3700585056335554
0.2796499988901506
0.3154508517969639
0.24684426653275796
0.2642562055806501
0.34509764215268124
0.274590277343715
0.27055106852032723
0.27113350542313464
0.27486530602525133
0.2907421908794193
0.25627995795066205
0.20603604054232255
0.3084141803443979
0.3201000206514236
0.24286277059021347
0.3020808475280027
0.3026736742312755
0.2838468207131832
0.2958408252361718
0.25033711320763335
0.28306997970703546
0.2910771990587952
0.3049918675641401
0.36693907768354506
0.25617806490408174
0.3144619831251442
0.2890835694216807
0.32823895697199973
0.34902611921686644
0.32779150654416567
0.34740054498025036
0.2633422935774567
0.30721702980338983
0.2436230174445231
0.3332865793223775
0.22694726958187347
0.2989962090046034
0.27547972765537576
0.2910560016785193
0.29981409054283703
0.3065024589726684
0.32378618678915394
0.26270487904548645
0.3412513128661234
0.3371895155228606
0.2532603617655028
0.32786524541881107
0.316972458581312
0.23988000433379358
0.33204847191451886
0.2728854281093002
0.3478066759918808
0.36352925891176274
0.28343582125978733
0.23695628714123998
0.3022960610345963
0.2259099409667724
0.284945799943504
0.25193190601987575
