0.011012045415602441
0.1968329360603537
0.011809432155463274
0.10266934982330844
0.288748862573953
0.08729010344572566
0.10680485359416776
-0.008497941267400657
0.16705774941468615
0.058034925151452164
0.08089059486895664
0.2068291701402314
0.004725122307217977
0.20951404923689926
0.12456560806457077
0.19365472696879088
-0.0014404021682480233
0.1392864380590689
0.1437512335572843
0.10948408984698292
0.1101316706730536
0.2572722056195266
0.0030354128338855916
0.1156679870719057
0.09569757871140919
0.09533265178050523
-0.016736167255149207
0.09544111154683918
0.0551476629233017
0.0773162709645295
0.13420905827159343
0.10314570795860296
0.06659405966118066
0.05212836918757424
0.14123124085354166
0.3094198059289437
0.3809938050758256
0.061537848234770064
0.1977551838066655
0.08805225882192283
0.004146150814571039
0.06573972620874802
-0.010172921113464573
0.0638176221716447
-0.011549269779344788
0.035088657715944035
-0.199792697572503
-0.03762541091580828
0.2319422078768567
0.12991563806465495
0.1708106407629436
0.030844979418258166
-0.08961180543892203
0.00856893688853404
0.16846577883481523
-0.11327301443399947
0.10730478829881104
0.2687350699513552
-0.0679796153112096
-0.0935702239934099
0.15893099520755385
0.07133699805508556
-0.18980477446509475
0.040761376247294354
0.04076822707476092
0.2473467629818041
0.12289297828180908
0.10130583814893548
0.11506004329908284
0.002499366156278334
0.12585704747962959
0.1262614967127133
0.2049848821652415
-0.0086645230400151
0.1374199893463875
0.189066445267877
0.11945402491258235
-0.015909044751324552
0.1500949354105615
-0.15713173108951445
0.054010825137995655
0.135286301317241
0.16177605591633865
0.34368307802303
-0.08401273904679904
0.041141211848287576
-0.013535635526351985
0.014185016701586914
0.0872803986651137
0.053602170204780655
-0.06966868942181365
-0.19154291690304365
0.12010154833326732
-0.07426787306670335
0.14090864227177674
-0.042072656669746036
0.18123288977772137
0.07051653086722216
-0.03611243076663481
-0.05896302445778555
0.056909303278137514
0.14646410472572166
0.06984402052239458
0.17747217884141106
0.020772053925257526
0.0957614140342711
0.19172957561787793
0.10568998235043603
0.025234542220315227
-0.0009977506709121214
0.06069035674212322
0.1091514909569931
0.03377888932025175
0.19613271005474714
0.10028506567147646
-0.06784575957708319
0.04141196253848732
0.034147991044227374
0.06747623625362761
0.045852149381814984
0.18339619169700136
-0.21202237846793182
0.04984780958251409
0.16823659164396054
-0.19496406320004492
-0.10090854607031655
0.0634900033124429
0.14553976778439875
0.14181754358815873
0.11209667014858807
-0.05205590484352719
0.15061748344970888
-0.013233136556001368
0.11510767890043243
0.1697833473472423
0.058466418424990195
0.17844163530523732
0.328508670547876
-0.0006205784501021217
-0.09934943471794742
0.1237307585270018
0.1566655322872527
0.13344445453744846
0.05093374837875858
0.05151780759919393
0.05076768718539822
0.23946787548140308
0.15893339894505293
-0.032582137979865936
0.008590004818820041
0.1562905104634411
0.32843380242953224
-0.14342043794162843
0.10471289566886785
0.07804572600115191
0.14342791793760834
0.10869785981831122
-0.02061545081902914
0.4361649236321835
-0.035562196259067404
-0.12858019486463435
0.10198058014617015
0.12596673855495336
-0.14610350781032366
0.22169771106001868
0.0031264305480348913
-0.02771621568693685
0.31189718707787334
0.16975562913830827
-0.060034747877727314
0.051778119480370775
0.23536523054492595
0.07065419207457573
-0.11459340109360246
0.23505331776975608
0.07736946198788025
-0.0020567806584488313
0.11584815701917131
0.18474689530905358
0.2373711793077538
0.3812050474540611
-0.02792200639959197
0.3913877353896894
-0.1979423232852888
-0.18446101387419184
-0.01889379994591476
0.20361646147037407
0.2556560101190521
0.2822172037414916
0.07144183185171811
0.20429156696706424
0.0005171646524012623
0.0786102875479943
0.00816572442661287
0.23856132741205455
0.0656621547425366
0.08652722793395447
-0.07107145907903618
0.09905639035557266
-0.10934012708065806
0.1075780612010718
0.14904839469346176
0.19657007912007057
0.06889567766320796
-0.12865232292350018
-0.0641494049557666
0.006512707531874292
0.09461736482300077
0.030566133973002514
-0.03322435128729305
0.061006748296631316
0.046586943333508865
0.01636511164683412
0.03410157928123169
0.3017146032375498
0.15902090736295205
-0.0020215992177288642
0.2857537514150631
0.018062171023193352
0.1278294911196936
0.031436425593632564
0.14622909112334823
0.27242522623476395
-0.168936726003521
0.27266577870522457
0.03392782380771613
0.28056510111152844
0.036349039833435445
0.05090603645047563
0.032034048212725305
0.13344679093407175
-0.04028631692061422
-0.010254759750376822
0.025459413719802794
-0.06736288201341253
0.10355487746953232
0.17942823777503816
-0.11489621176038041
0.03677267098973934
0.13821859776517653
0.1672287903304938
0.26920808852039446
0.15424467137697323
0.012542273915241231
0.22912181040701357
0.18083248179122535
0.12932813519380265
0.08521466197376658
0.1386537056499559
-0.15548509693659862
0.2051852934317427
-0.07733225339916648
-0.09829168503266468
0.09997929585211174
-0.052172326893944576
-0.0818057271254641
0.34259788596485896
0.029590102100613976
-0.047136894660683076
0.07103445400680575
0.11787140410754977
0.2277967027986172
0.12134857130726999
-0.0814595737561565
0.044774434896657236
0.1748335278217078
0.0997606125487271
0.029354389821282585
0.08411953580116864
0.0808814993393459
0.13099821795156535
-0.03683516475398881
-0.15493623947742416
-0.023312083410431457
-0.14937247220239738
-0.0006218323297762452
-0.024461257612601324
0.08932013554158776
0.06811997325317934
-0.15183916653430252
-0.011044861307511014
0.05757471990035493
0.14011380380062766
0.033693496140533366
0.02036173643625653
0.1204861615489758
0.11180416065155259
0.029075337816933295
0.053073767179054696
0.07820770737081705
0.14340155689314424
0.040767423813537325
-0.005421397215410552
-0.06446711957023225
0.013196245791458236
-0.0672734340110613
0.12703302503646222
-0.08016017113927898
0.12396145616626986
0.006246911999180784
0.16315991234930793
-0.12837170780180493
0.07986456632873953
0.029911663649409725
0.1519701781051288
-0.07945033617196573
-0.07737308276770015
0.07428746669338407
0.14715126254478986
0.1242158811110343
0.2522612480832625
0.007938240415625209
-0.012483246085205017
0.15159909602131866
0.18156839196598237
0.12511079258887006
0.2988442567691336
-0.13171146293496822
0.0014161966398281046
-0.03641242684457976
0.25617425381979103
0.05301010606329992
0.09583611572839948
0.18385870079430774
0.12743785556199977
0.11902588352468839
-0.21790229496230634
0.1901033503003178
0.0333826931710635
-0.09312243305880057
0.033198841650425547
0.09929076312009896
0.15394080384352132
-0.199425122093165
0.050418575721981426
-0.11653510600950603
-0.04794843895073629
0.2003224277070656
0.0373812731450625
-0.009328393176569643
0.15130144395695685
-0.04978019362256914
-0.04482459283870662
-0.037733636072386896
-0.12033607610586201
0.058691660640613694
0.13784626848225606
0.12650122199607092
0.1020081656984864
0.01375975731446637
-0.1301117785242838
-0.04126301214371857
0.11162893724078812
-0.030944236339383212
0.4119456120516995
0.09038174750189837
0.11651866783562319
0.009456227736780618
-0.1577921815188423
0.007779888752037655
-0.08234347416472962
-0.11446351452989749
-0.040839580103556504
0.08309400658570475
0.06534875534683571
-0.01085908537294102
0.13706512383040387
0.22397495878482884
-0.27882850162705447
-0.018178945896232857
0.08218099970209798
-0.10195158268272564
0.11928020595102842
0.16841563201109927
0.16730138192545724
-0.03187343294770918
0.12295087304368979
0.2032070212345361
0.05586085649825234
0.27550394834229797
0.16645776863509903
-0.012581903882931195
-0.07010215221440505
0.12412607159721936
0.02134356570614215
0.0988944821982717
-0.393101010840601
-0.01920987650495057
-0.10715205943735032
-0.12033834856143359
0.03741326719964173
0.011319008705220752
-0.04730429976812363
-0.006969366777216558
0.30146960424010916
0.08715895468432326
0.011725905231011729
-0.07951532170493447
-0.049801250473000006
-0.0117601319525347
0.29312705288739815
0.5278518725764986
-0.19650267285998405
0.1659371741066779
-0.10066364253120459
-0.1444166652931828
0.1608313333511425
0.058356535292301795
-0.08086239701889872
0.2976568205264395
0.055319098114138224
0.14694124945733059
-0.016532629901971695
0.07873568124818528
-0.1978829030361416
-0.10994293108217135
0.29869415456907467
0.214782742452359
-0.13807304346257654
-0.0401629712510714
-0.35110670301057706
-0.1045319338555964
-0.03700185695575738
0.07465465742546899
-0.09064039120387116
-0.038688205469412804
-0.028787189692124328
-0.05951525262718378
-0.1168291592078757
0.4040188065170966
-0.026520320868923315
0.03649897398321596
0.019200437087446898
0.2416405972396655
-0.14567957614856689
-0.10295847954666196
0.027511141937925532
-0.16639287092674576
0.15776977388619923
0.029930287422422524
-0.16428822039983454
-0.02016801184773014
0.07815638210675314
-0.04480107893499587
0.22288510001633083
0.2120067723753066
0.28384322745295576
-0.0018400129794544633
0.05739958000381105
0.039472738388792325
0.1810318020093778
-0.18152999101771017
0.06643653412541554
-0.22402922756827887
-0.04355676045636923
0.00410388740858394
-0.03570905891706853
0.0562149067219222
0.03805630360781072
0.2570627106499192
0.17170381682128508
-0.0020219917325215065
0.25790254136915836
-0.004590630328715724
0.02437695167881563
0.047387163108230164
0.02111780645251322
-0.20025868656120535
0.18323701197562775
-0.06538739955216531
0.010080115154453973
-0.05485850723535838
-0.21087160854286452
0.18305601406202468
-0.264133258046347
-0.18198545599701504
-0.2557535568901038
-0.04316844433457326
-0.16675021076724988
0.0683901084669436
-0.1328033406694087
0.09686183653279959
0.26388365549583126
-0.04323057414117722
0.11762437469487837
-0.20253646982921217
-0.2552626329827166
0.04281647118056326
-0.43849159978203717
0.2336827264732741
-0.11675828722631994
0.12755010362475247
-0.06930392135534147
-0.06454753491323265
-0.19036404463959428
-0.13008895971108908
-0.19345201518896263
0.13093329327275624
0.2003765497672859
0.10850686052266764
0.0009478753025585762
0.13675395089044967
0.024008720697236207
0.11806981691696909
-0.22007635765970068
0.22989369242069838
-0.3634855893468405
0.058181629776144196
-0.31889475467848727
-0.10615271171305223
-0.17599224494425755
-0.06157986768328309
0.056410926794152993
0.09502992647593092
0.18632242413126512
0.12533066345411503
0.1379417329399469
0.10822292561243425
0.042443959362141195
0.15225469180138132
-0.0953110401908642
-0.13810616037214643
0.1376311262769841
0.16401958015345502
-0.2602042821479472
-0.10658147909818246
-0.11612724421537546
0.20823341523168745
0.06890849282852494
-0.07255104988256415
0.00630392750794042
-0.10626138715555103
-0.08230733961317087
-0.30191407281128424
-0.24915541319918208
0.045281664504679624
0.1397873289499224
-0.11884538259207574
-0.06696970309439579
0.18930941807174378
0.009557000556979955
-0.12347051188907802
-0.1725521499472817
0.08189700943684529
0.14353503217124972
-0.12346266410489189
-0.11728464617436804
-0.19887361542356044
-0.05703247825018788
-0.1348396461515485
-0.10822411512325125
-0.14411457181957724
0.07806163767389288
-0.0957455398267399
0.13389244241983966
-0.120282649765339
0.07845823115519149
-0.02075554669135028
0.06124426105170785
-0.08993066160391425
0.18177452922637413
-0.29111501338999435
0.06955538833950214
-0.1297062996097
-0.02799825250484516
0.0036702742148076823
-0.0006790797012832195
0.04743385180215674
-0.13426064547357988
0.12731987903881273
-0.007451185092795904
0.23427415269697432
0.1012999694901557
0.00710041230790911
-0.23719281175464077
0.14964336512330664
-0.26877458890083766
-0.06702074963431562
-0.22998735992435365
0.11587534946708775
0.05895571716334806
-0.0729773188241242
-0.04826283189150191
-0.19602155486478143
0.11158072538640737
-0.05263456810149468
0.23962500314654625
-0.18662162478283878
-0.03090734418798242
-0.15648827616831776
0.022308979695941523
0.014022942624595136
0.16238329337591736
-0.0712156579995091
-0.24407452019161696
-0.02297558467175554
-0.10879664791972894
-0.024568421845921895
-0.08773267917584975
-0.13295840811430074
-0.08882328512833068
-0.05482517645326268
0.007871351330518158
0.07893462911905301
0.17783375390194273
-0.2620263915450088
-0.3095777439304636
-0.22553635619052778
-0.2064327230070862
-0.16172510928388298
0.13943437549222526
-0.14593141042666033
-0.07969619797005481
0.002016558934565385
0.1620308269543919
0.11413185074939358
-0.0705290168614922
-0.20316216418377048
0.11042432349708017
-0.015696399529514793
-0.1109405856972427
-0.04700735514542065
0.04368168884087113
0.11566083749419587
-0.03270622586682905
-0.1442463623298122
-0.1142173997492196
0.19377386337993957
-0.09967093654402201
-0.1853052867017602
-0.185208681111464
-0.004573553096102667
-0.32282057165852496
-0.07609404993731013
-0.1385007730867393
0.14594206357278744
0.06356100293808381
-0.07034437858067169
-0.20931690942156359
-0.03609002098896671
0.014600663398862216
-0.1240267801514712
0.15295604064130394
-0.23703069448000127
0.13260317126592197
0.30863382786625637
-0.28757821916409104
-0.2208094822532193
-0.13303291140850101
-0.012388974182017082
0.11824195684931023
-0.15238361485971536
0.44829999296911777
-0.15997610701732
-0.2052382900306539
-0.27502562623267734
0.012936547248773
-0.26892911778873435
-0.04482255466261893
-0.08667139585964279
0.2325762629974399
0.030322884353390013
-0.34059891382342233
-0.19324447018906513
-0.17210885514398577
-0.08701529606016967
-0.16990540631246276
0.34084738182503443
-0.1990586698004037
-0.08540968658402179
0.044436302444998
-0.011100009096950766
0.02485550694878711
-0.2080332591341459
-0.08649561013280284
-0.04496283390437833
0.04561710313178473
0.027869299807426563
0.07784975424901337
-0.13695993585794664
-0.020406700007546158
0.3036727718591069
0.03447712502467127
0.0768342029657244
0.02352844926264839
-0.10490319702214124
-0.15451982956134708
-0.10340992972579559
-0.13380074821796284
-0.17436295252743048
-0.022471560369147214
0.09239221274409239
-0.14953978901010695
0.0026497932229871263
0.017480361927259536
0.13150664109153914
0.06991031414209496
-0.0014438940238902687
-0.1003477547976083
-0.28531034780558046
0.1748184084378573
-0.21788470653857966
0.1036068088532561
-0.19795083965375096
0.30899646894279476
-0.19255518325739843
-0.018488031343522216
-0.0934931095104751
-0.0739618288572099
-0.16517031342897207
-0.14939494008161538
-0.2588793420675199
0.18662018431645921
0.2562676861778388
-0.17140192124276243
-0.09608786644858429
-0.13677221706033885
0.1005740228206244
-0.007789871933346845
-0.1547591094094198
-0.02841767667806013
-0.04391472435565016
0.05489111428857081
0.12111651226138838
-0.20892068571930214
-0.1925400157834034
-0.08930018328049798
-0.14085493704445923
-0.11311598435063094
-0.2821231442648592
-0.24434016106279488
0.1436872199316539
-0.1111053664332821
-0.17113784126618917
-0.29884512985525996
-0.2521108673745701
-0.06839554860025257
0.044105376322694345
0.09880359928331497
-0.08138450115637574
-0.10452978315395747
0.09384226806760072
-0.172408650697766
0.07244901700607147
-0.20569458402666255
0.011873171819648653
-0.24761549896013052
-0.027127736235934636
0.013495814593246202
0.07294334229050584
-0.2139595242567919
0.23994027220435568
0.05563159450401698
-0.21824723256172684
0.3193429139814318
0.15906718065568354
0.17492806894701496
-0.1277063902317644
-0.32179870850692144
-0.307083469260423
0.06192219110110479
0.12692324326284637
0.015006158727740535
0.16380401580287268
0.19920615659682794
-0.07053343346778655
-0.1271715693833269
0.04939715752538502
0.15355935375587706
-0.277252531162299
0.11183360284261148
-0.05242662443567744
-0.02430905228835879
-0.09339936277521113
0.17761151540166256
-0.037928894742473976
0.14071297171039313
0.05971427246629857
-0.1273751365057028
-0.3272976110199428
0.02293800519552639
-0.10631423365037121
-0.02097977744600412
0.05065082910532095
-0.17307145464712287
0.12444492435037154
-0.12983661205924107
-0.04411481306439843
-0.04251165128821325
-0.2854275151746749
-0.13877643761509587
-0.33788675860820827
-0.27385722835528153
0.09458833558470285
0.06851923291268583
0.08605870666110604
-0.06745089302795523
-0.23951382408052985
-0.34624760025783174
0.08556748703318921
-0.004152731556455308
0.10405701783838088
-0.11263834473412208
-0.05315091746587415
-0.08518409525261088
-0.000755141110584525
0.08101265617138287
-0.13533906104083193
-0.032948104401579595
-0.2083957124556063
-0.12990648686044007
0.1804633050295958
-0.12009007786297214
-0.05777424373357869
0.03760198980317029
-0.4124122182036869
-0.03511565728900338
0.06785336378499954
-0.1205513392672615
-0.17558318077498225
-0.29111573563043625
0.20217210266776697
-0.05660387655732093
0.027905145911136797
-0.09385702526841438
-0.025061101272246165
-0.02774277830908408
-0.4018451568957073
-0.12764894719020098
0.11858029014746647
0.17656707714931463
-0.27994492656419995
0.04572859817167092
0.1463806181930532
-0.019087657618845854
-0.03537507879405189
-0.19335709786207775
-0.18775390385733998
0.08444781292749161
-0.12803638284196434
0.07250657293032754
0.31192043095813127
-0.013793992043238935
0.09741132094354207
-0.06947291377432088
-0.04306728894364787
-0.19682566740204774
-0.2709159133052632
0.04114006586903513
0.15612869741842794
0.1745545483737816
-0.1952379269932067
-0.01916721700263044
0.0556023029449384
0.02918473470775621
0.2891395665958956
0.13969395225179196
-0.30160572483988707
-0.19542424625168545
-0.10731230465638608
0.1492304095909294
-0.26497904126805405
-0.15930324875908566
0.27753272699501197
0.14892815435178447
-0.1043797726914634
0.16116296836539074
0.0696758774547491
0.08146446901430317
-0.023378042537196265
-0.26424978844921393
-0.087450259468391
-0.03154791141757393
-0.039219935375848294
-0.2518209510241256
-0.2646645133535577
-0.0744011290382117
-0.053894825201032705
-0.3150614041488913
-0.023888872193215394
-0.1927179486987169
-0.01615776677673646
0.016412234835877414
0.020959931384157228
-0.25284503514940815
0.07015950947424004
-0.14260133912492456
-0.058966733995474405
0.2267769985994585
0.14169764722375683
-0.2653266234344157
0.0565583871567512
0.18360026684367653
-0.12325609769710595
-0.14316174203924442
-0.13328486794001743
-0.03572107432150249
-0.0653174432146458
0.19589553452685038
0.026576151058071863
-0.09663346881637751
-0.045812984483369665
0.09123204738563727
-0.19624799515672506
0.23221676280041265
0.11905418699728035
-0.22918272984381333
-0.12428166581168217
-0.2908207696982571
0.1350509069006868
-0.20614706023795054
-0.12853455210579265
0.0642564535864977
-0.005582308357076384
-0.2022880955126758
-0.2910590228345412
-0.09151695275952218
0.016558624866192327
-0.013881834785595657
-0.13085399700332379
0.02202196203993658
0.12460752965930566
0.0740937961623331
0.23455058832378226
-0.07912911850363731
-0.08552817478103979
-0.07174860528972007
0.10458095305667472
-0.04588950634791802
-0.16141243769922214
-0.16682802063419722
-0.010206060978785226
0.12343247735876459
-0.05108742580348795
-0.11283157709441079
-0.19109804787387238
-0.03382603731961592
0.05220396446133864
0.07616367715863212
0.012789590106504961
-0.2800105153540463
0.05481532065717463
-0.010826307988138462
-0.13923792829808718
-0.034882282729178184
-0.12545590311016516
0.26102975255401734
-0.21214871670999144
0.0016425219981164503
0.0992956210494289
-0.01679080128678312
-0.09648719622724097
-0.18053577389440403
-0.037906376726564106
-0.004926018661223502
-0.04716169297607007
0.04975835572307285
0.3209985978677754
0.32105528599639066
-0.18331502394397375
-0.010782015820833202
-0.08148147733153652
0.06527191945305212
-0.171619802019437
-0.32331980963371043
-9.903052551106708e-05
0.25622856012227724
0.16185350189698705
-0.015906619463254758
-0.19270351115191198
0.04304309867522972
0.0255489687333894
-0.021193998068222242
0.012471568421248113
-0.0338274148676264
0.14650279539831337
0.15826182162092656
-0.21837634257757504
0.06160870290230257
-0.12404465550155752
0.09575834765348384
-0.0006801645317707772
0.12844125695764091
0.12159378093908695
-0.10503944161560745
0.004331600624654874
-0.06174657752828563
-0.12979283108712736
-0.04806072824699545
0.05261607790110828
-0.007073773827437413
0.07094470777440798
-0.24804826495383409
0.17797712661621562
-0.15089080446555894
-0.09161956623973991
-0.15932709759847075
-0.12219915950177525
0.14095858815042675
-0.08968685591225792
