0.0702425092458725
-0.018754282593727113
0.10606134235858918
-0.017109450697898865
-0.0559202641248703
0.19209793508052825
0.22553747296333312
-0.03261877298355102
0.12839177548885344
0.18523532152175903
0.11196591258049012
0.17796731293201445
0.04288269579410553
0.04983300566673279
0.09156394004821777
0.2593267947435379
-0.0654879242181778
0.10605405271053314
0.046459412574768065
0.2681169867515564
0.03433338403701782
0.016962671279907228
0.025662434101104737
0.07376171350479126
0.08377456665039062
0.10039163827896118
0.17982132434844972
0.09250416457653046
0.016554251313209534
0.02747691869735718
0.1358413130044937
0.023097661137580872
0.12456946074962616
0.08961510956287384
0.2559490710496902
0.07409389317035675
0.04080018997192383
0.09153269827365876
0.11192800104618073
0.28192601799964906
0.11668526530265808
0.09629919230937958
0.047097763419151305
0.03001587688922882
0.1143656313419342
0.33236037790775297
0.06550541818141938
0.16148374378681182
0.006926900148391724
0.07512782514095306
0.1492025226354599
0.08293749392032623
0.11210317015647889
-0.004325956106185913
0.09833201467990875
0.15715715587139129
0.08891953229904175
-0.12849385142326356
-0.09532467722892761
0.05058299005031586
0.11105535030364991
0.0907561182975769
0.11038846373558045
0.19986126720905303
0.0735691487789154
-0.014315685629844666
0.11628988683223725
0.07009519040584564
-0.03582359850406647
0.033959484100341795
0.14173905849456786
0.058639919757843016
0.04610031247138977
0.24748043119907379
0.06180912554264069
-0.11147469580173493
-0.11623668670654297
0.06080457270145416
0.02535630464553833
0.07219377160072327
0.1666833847761154
0.1361502230167389
0.04362223148345947
0.12046087980270385
-0.049179327487945554
0.1761841058731079
0.20660139620304108
-0.07958166003227234
0.06535443663597107
0.013160473108291626
0.05783211290836334
0.2062203913927078
0.01959747076034546
0.1949875235557556
0.03780362904071808
0.043143618106842044
0.19396367371082307
0.08350003063678742
-0.03413648307323456
0.1626381754875183
0.042562288045883176
0.20364362597465516
0.009417673945426941
0.14095458984375
0.20187290012836456
0.06310887932777405
0.07783863842487335
0.20101583898067474
0.11891923546791076
-0.02125592827796936
-0.017422407865524292
0.06652156710624695
0.15062019228935242
0.013288649916648864
0.054410630464553834
0.09629429876804352
0.054549843072891235
0.23824238777160645
0.14170266389846803
0.029438883066177368
0.10426516234874725
0.046074068546295165
0.05045148432254791
-0.012313276529312134
0.24311658143997192
-0.11395517885684966
0.13420236110687256
0.00809016227722168
0.010565060377120971
0.03542936742305756
0.16645315587520598
0.1829080492258072
-0.07333654165267944
0.2483360707759857
0.16837319135665893
-0.013873854279518127
0.34567985534667967
0.052266889810562135
0.046228861808776854
0.16323405504226685
0.04541847407817841
-0.11486822962760926
-0.027192336320877076
0.11371735632419586
0.2914665311574936
0.06292524039745331
-0.012256205081939697
0.04018851816654205
0.12283566892147064
0.03673624098300934
0.10137574970722199
0.2269545316696167
0.22910766005516053
0.09603177011013031
0.05897333025932312
0.21868144869804382
0.013941538333892823
0.02819744348526001
0.0600370854139328
0.008929276466369629
-0.10180005431175232
-0.03236706554889679
0.13107295632362365
0.1584918349981308
0.11352007687091828
-0.021117013692855836
0.14262663722038268
0.13950676321983338
-0.02683174014091492
0.1284842997789383
0.03487713634967804
-0.08541330993175507
0.21931180953979493
-0.049466708302497865
0.02141689658164978
-0.09152430891990662
0.14995460212230682
0.03676497340202332
0.04647991955280304
-0.0397237092256546
0.05233019888401032
0.11265469789505005
-0.021680983901023864
0.08507501482963561
0.08712754249572754
0.26684113442897794
0.1161358505487442
0.007145553827285767
0.048404186964035034
0.1161668837070465
0.15190325677394867
0.11997796297073364
0.0860486388206482
0.16307148337364197
-0.027621129155158998
0.04864501059055328
0.07225322127342224
-0.03413145840167999
0.07465636432170868
0.02033381462097168
0.10184000432491302
0.13523921072483064
0.10096749067306518
-0.010441949963569641
0.08827374577522278
0.06381413936614991
-0.006004780530929565
0.08838688731193542
0.08155202865600586
0.22649500668048858
-0.0404185950756073
0.09862228333950043
0.07449730038642884
0.08871647417545318
0.2068272829055786
-0.031476637721061705
0.050712957978248596
0.1268274486064911
0.006379976868629456
0.027573996782302858
0.11567736268043519
-0.008489397168159486
0.04484127759933472
-0.07077041268348694
0.11198409795761108
0.102046999335289
0.1522360175848007
0.21482067108154296
0.25648958384990694
0.06333325803279877
0.05946750044822693
0.07547687590122223
-0.08989125192165374
0.3297485768795013
-0.007344886660575867
0.03489936590194702
0.18388186693191527
0.20306338667869567
0.16126050055027008
-0.013455873727798462
0.01825917065143585
0.15137770771980286
0.06381549835205078
-0.09635653197765351
-0.12793639302253723
-0.00041243135929107665
0.2319214880466461
0.01476658582687378
0.08999358117580414
0.04361733198165894
0.000733572244644165
0.020423609018325805
0.13775126338005067
-0.07336725294589996
0.006664052605628967
-0.09631534516811371
0.3081445634365082
0.047564858198165895
0.19851069152355194
0.08513030409812927
-0.026903602480888366
0.10210650861263275
0.00344049334526062
0.04634191393852234
0.11459315717220306
0.11749561727046967
0.006563499569892883
0.014606472849845887
-0.16943747997283937
0.17666158080101013
0.19098050892353058
0.11048723757266998
0.04796299338340759
-0.06015642285346985
-0.1433846026659012
0.129177063703537
0.04901053905487061
0.08806919753551483
0.2452770709991455
0.05642425715923309
0.14878532588481902
-0.11302251815795898
-0.016824886202812195
-0.06659299731254578
-0.048720899224281314
-0.05154818296432495
-0.06766453087329864
-0.04268951416015625
-0.17456601858139037
0.11077831089496612
-0.060699295997619626
0.17611886858940123
0.13801336288452148
0.22981351017951965
0.1203746885061264
-0.06473865807056427
-0.04177104532718658
0.0062265127897262575
-0.025323915481567382
0.13287560939788817
0.046976438164711
0.009953150153160095
0.0014223307371139526
0.23833792507648469
0.13121275901794432
-0.00441126823425293
0.21021815538406372
0.12915441989898682
-0.12831674814224242
0.0814320057630539
-0.016574999690055846
-0.037725070118904115
0.16964418888092042
-0.13686955869197845
0.016469985246658325
-0.17060866355895996
0.00801033079624176
0.0676748663187027
0.13274222612380981
0.17198936641216278
0.12145289778709412
-0.008510291576385498
0.18889210522174835
-0.07833291292190551
0.16493144035339355
-0.14345042109489442
0.07323123514652252
0.22707415521144866
-0.09385451972484589
0.009404665231704712
0.02425675094127655
0.006237304210662842
-0.22209498286247253
0.017798265814781188
0.1919064313173294
-0.06993723213672638
0.08379017412662507
0.04733765721321106
-0.038887330889701845
0.2669515073299408
-0.005684110522270203
0.021754196286201476
0.005165034532546997
0.17140731811523438
0.08393378257751465
0.0005793631076812744
-0.016532817482948305
0.17409464418888093
0.18131938576698303
0.030971664190292358
0.07071369290351867
0.026384294033050537
-0.08117347061634064
0.17790859341621398
0.0520137757062912
0.2521217346191406
0.11098511815071106
-0.2468765437602997
-0.09196175634860992
0.01561191976070404
-0.092859947681427
0.0900622308254242
0.09562556743621826
-0.07495623528957367
0.19839349687099456
0.023281937837600707
0.1037705510854721
0.07697370946407318
-0.08736847937107087
0.11288732886314393
0.20224936604499816
-0.07824669480323791
0.0512440413236618
0.011401522159576415
-0.052155235409736635
-0.029465246200561523
-0.02808196246623993
-0.05656549334526062
-0.016411837935447694
0.054122757911682126
-0.059887620806694034
0.001796114444732666
-0.15440604984760284
0.04453864991664887
-0.008391305804252625
0.006276750564575195
0.018827873468399047
0.23951829075813294
-0.04744260311126709
0.21269976496696472
0.37004575729370115
0.09818502962589264
0.03836851716041565
-0.03993420004844665
-0.15394737124443053
-0.1202464073896408
-0.04315614104270935
-0.027259296178817748
0.06320697665214539
-0.12256435453891754
-0.010490694642066955
0.1819734126329422
-0.11174464225769043
0.06858431100845337
-0.024936094880104065
0.10662851333618165
0.192651230096817
0.11387258768081665
0.17026598751544952
-0.06896862983703614
0.05643300712108612
-0.15762449502944947
0.03562776446342468
0.22837655246257782
0.1449720323085785
-0.05803431868553162
-0.1624691218137741
0.1876461386680603
0.003366139531135559
-0.13361723124980926
0.13991170823574067
0.08036263287067413
-0.10698141753673554
-0.1224710077047348
-0.06578708291053773
-0.05523964762687683
0.08933183550834656
0.15837883055210114
-0.04723996222019196
0.1934564769268036
-0.2213583379983902
0.03049633800983429
-0.039170059561729434
-0.16421561539173127
0.15746061205863954
-0.24577008783817292
-0.01990211308002472
0.061408552527427676
-0.012774649262428283
-0.04570419192314148
-0.1154184252023697
-0.09056194722652436
-0.022490748763084413
-0.17842938005924225
0.032547563314437866
-0.21981963217258454
-0.03377698659896851
-0.042292234301567075
-0.044720658659935
0.10926366448402405
-0.052608126401901247
0.0014098316431045532
-0.17691569030284882
-0.045272746682167055
0.05734157264232635
0.015250676870346069
-0.07828539609909058
-0.14234587252140046
0.05693073570728302
-0.2147082656621933
-0.05468654036521912
-0.0400980532169342
0.1292652040719986
-0.018891546130180358
0.06341344714164734
0.13509907722473144
-0.035070189833641054
0.14411352276802064
0.030451127886772157
-0.10771358907222747
0.044906622171401976
-0.04754612147808075
-0.10016857087612152
-0.1650942951440811
-0.11649479866027831
-0.2436891794204712
0.007922941446304321
-0.01903451085090637
0.01810627579689026
-0.04730395674705505
-0.08355877101421356
0.036871349811553954
-0.04810360968112946
0.1862826943397522
-0.048237812519073484
0.21848452389240264
-0.06387389600276946
0.054680606722831725
-0.10080699622631073
0.09827243089675904
-0.02080484926700592
0.2557887136936188
0.16460970640182496
0.082029989361763
-0.017792916297912596
-0.012011492252349853
-0.03860168755054474
-0.1288819670677185
0.03816022872924805
-0.00899348258972168
-0.08123556673526763
0.2230325609445572
-0.15128946602344512
0.07323976755142211
-0.132987841963768
0.03048311173915863
-0.004078787565231323
0.10728279054164887
-0.28781030774116517
-0.013142207264900207
-0.1953839659690857
-0.015479391813278199
-0.15054495632648468
0.2077644795179367
-0.09320022165775299
0.06270035803318023
0.06762760877609253
0.10353833734989167
-0.10500316917896271
-0.09321934878826141
0.08323638141155243
-0.1286834955215454
-0.07752799987792969
-0.09168202877044677
0.14212408065795898
0.029888805747032166
-0.19452763199806214
0.04150153398513794
0.14003604352474214
0.05723717212677002
0.05997238755226135
-0.004921337962150574
0.2972288578748703
-0.18313512504100798
-0.17650093734264374
-0.14719745516777039
0.03387888967990875
-0.10601218640804291
-0.10113573968410491
-0.05377907156944275
-0.13244411051273347
0.1865449905395508
-0.07098231315612794
0.06867448389530181
-0.006464818120002746
0.13632580041885375
-0.009186691045761109
0.10854454338550568
0.019223764538764954
0.03987347483634949
0.014269185066223145
-0.032275766134262085
-0.16479142010211945
0.06016495525836944
0.15670721530914306
0.021708139777183534
-0.1482032924890518
-0.22975955307483673
0.04957970380783081
-0.13856212198734283
0.08600500524044037
-0.029072529077529906
0.13449324071407318
0.07631721496582031
0.11231280863285065
0.015365105867385865
0.15966324508190155
-0.12179932594299317
-0.14270646572113038
-0.07848608493804932
-0.13233550190925597
-0.057553359866142274
0.03666822910308838
-0.08975784480571747
0.0850054919719696
-0.011740070581436158
-0.0347025066614151
-0.050732541084289554
0.0329006165266037
0.1982350915670395
-0.3305798679590225
-0.03785833418369293
-0.20867212414741515
0.006799823045730591
-0.07781834900379181
-0.12750381231307983
-0.051310610771179196
-0.16670553088188172
-0.14882495403289794
-0.038902288675308226
-0.19800404608249664
0.10153578221797943
-0.3818017512559891
0.09346285462379456
0.005591064691543579
-0.06320464611053467
-0.029157721996307374
0.12239722013473511
-0.014630967378616333
0.0924061268568039
0.11051627993583679
-0.15967782735824584
-0.14787316918373108
0.17485935091972352
0.04861588180065155
-0.356398344039917
0.06724382936954498
0.06524267792701721
0.08762938678264617
-0.09510971307754516
-0.10739351809024811
0.16915774643421172
-0.007949572801589967
0.004465532302856445
-0.06235039532184601
-0.10720275342464447
-0.03450474739074707
0.16442657709121705
-0.10519503951072692
-0.1057406097650528
-0.12893689870834352
-0.08532872200012206
-0.10555706918239594
0.014640459418296814
-0.07189383208751679
-0.1231420636177063
-0.06787135004997254
-0.09818107187747956
0.06512170732021332
0.025606876611709593
0.1445268362760544
-0.06001581251621246
-0.07098272144794464
-0.07768437564373017
-0.15400925874710084
-0.1112008661031723
0.06699742376804352
-0.07543920576572419
0.1655861258506775
0.14710296988487243
-0.027637386322021486
0.035736563801765445
-0.12765227556228637
-0.0951364815235138
-0.04325122833251953
0.10950746834278106
-0.09777259528636932
0.04999251961708069
0.0412573516368866
-0.06959730982780457
-0.15879847407341002
-0.16196780800819396
0.029971644282341003
0.027299821376800537
-0.04155035018920898
-0.21709277331829072
0.21518307626247407
-0.11971385776996613
-0.17420088946819307
0.2580753147602081
0.07299928069114685
0.20124086141586303
-0.08056418895721436
-0.048939451575279236
-0.10609939992427826
-0.04569070935249329
0.08019488155841828
0.003938314318656921
-0.13177622556686402
0.1966738671064377
-0.056378960609436035
0.10903583168983459
0.028062111139297484
0.057589086890220645
-0.10335336625576019
0.02732904553413391
-0.01260344684123993
-0.07890307307243347
0.04821708500385284
-0.04843142926692963
-0.10441079437732696
0.07575187683105469
0.07052948772907257
-0.24499402940273285
0.25250246524810793
-0.05947252810001373
0.021468818187713623
0.4187295734882355
-0.14822161495685576
-0.021941551566123964
0.06828075647354126
0.005845862627029419
-0.04558877348899841
-0.059408390522003175
-0.07486160695552826
0.1882872462272644
-0.3068410068750381
-0.07017848193645478
-0.09897226989269256
0.03938696980476379
-0.012516984343528747
0.1348720520734787
-0.05405588150024414
0.18022471964359282
0.09969913959503174
-0.32751673460006714
0.13161585628986358
-0.08067458570003509
-0.026158544421195983
0.05565558075904846
-0.04643174409866333
-0.0343416690826416
0.0983645498752594
0.1707979768514633
-0.2686318814754486
0.22168257236480712
-0.12221302986145019
-0.015149468183517456
0.12333638668060302
-0.0917139083147049
-0.2302435427904129
0.03768084645271301
-0.059173879027366635
-0.07293418645858765
0.12711424231529236
0.0059953898191452025
0.16617138981819152
-0.02619236707687378
0.07873252034187317
-0.015086078643798828
-0.04181269407272339
-0.0778717577457428
0.03751891851425171
-0.05210060775279999
-0.12887207567691802
-0.08922874927520752
0.06716194748878479
0.10585540533065796
0.14723666608333588
0.10083558857440948
-0.04347878098487854
-0.028375780582427977
-0.0026904821395874025
-0.09248936176300049
-0.078319051861763
0.20796954333782197
-0.0966969907283783
0.3573559135198593
-0.11145778596401215
0.2056356519460678
-0.137980180978775
0.01459735631942749
0.06384081840515136
0.2372813791036606
-0.18981502652168275
-0.04885677695274353
0.10114053785800933
0.07667669951915741
0.21425378918647767
0.03640387356281281
0.05594155192375183
0.1823352962732315
-0.08676204085350037
0.0763120710849762
-0.06337294578552247
0.02488379180431366
0.06993936896324157
0.04017158150672913
0.07186295986175537
0.13095105588436126
-0.012140950560569764
0.05669609606266022
-0.037752532958984376
0.18714622557163238
0.07274378538131714
0.07722285091876983
0.025129029154777528
0.026774436235427856
-0.07205888628959656
-0.3051489979028702
-0.035139456391334534
0.05379004776477814
0.05777963995933533
0.1481544256210327
-0.03189838826656342
0.11671258509159088
-0.045261609554290774
-0.035303312540054324
0.17188555002212524
-0.04384466409683228
-0.10210727453231812
-0.006491944193840027
0.06648595631122589
0.020442011952400207
0.24815451800823213
0.0349179208278656
0.05381332635879517
0.03645820617675781
0.019585296511650085
0.06365551054477692
0.2801328539848328
0.05567043423652649
-0.08464874625205994
0.06249736547470093
0.07209420204162598
0.1730174332857132
0.10909819304943084
-0.1250798374414444
0.03288047611713409
0.17527641654014586
-0.048936426639556885
0.01916922628879547
0.06468599438667297
-0.114517080783844
0.19711554646492005
-0.027540984749794006
0.008404874801635742
0.033279383182525636
-0.018940460681915284
0.25722613036632536
0.02639215886592865
-0.11165760755538941
-0.08128666877746582
0.22576882243156432
-0.105411097407341
-0.0872686892747879
0.12542960047721863
0.17730252742767333
0.22113265991210937
-0.055407723784446715
0.01897454261779785
0.10624488294124604
-0.20500128865242004
0.07172641158103943
-0.03164692223072052
-0.05136402249336243
-0.05403717458248138
-0.013451755046844482
-0.13256179094314574
-0.04078056514263153
0.07539370656013489
0.051082071661949155
0.06645309925079346
0.039459192752838136
0.0657035768032074
-0.04550870358943939
0.050982686877250674
-0.06472120583057403
0.12327432632446289
-0.008577108383178711
0.044999194145202634
0.12693386971950532
0.19667516350746156
-0.05826646089553833
0.11066557168960571
-0.14268814623355866
0.06241596639156342
-0.017635416984558106
-0.047155818343162535
0.056642138957977296
0.03872472047805786
0.061648193001747134
-0.1245317131280899
-0.053659841418266296
-0.18266622424125672
0.08522098660469055
-0.02121347188949585
-0.06070331633090973
0.02191506326198578
0.1178985208272934
-0.18479060232639313
-0.022798138856887817
-0.011206960678100586
0.006665170192718506
0.02601572871208191
0.18899876475334168
0.048196420073509216
-0.04255877733230591
0.097623810172081
-0.11450104117393493
0.07923040688037872
-0.005070915818214417
0.0028230100870132446
-0.18196407854557037
0.18451815247535705
0.00491040050983429
0.14405418336391448
0.13143867254257202
-0.09093825221061706
0.041274222731590274
0.2602675199508667
0.1748894691467285
0.1233390748500824
0.04495926797389984
0.08291471004486084
0.15075306296348573
0.18257360458374022
0.13755027949810028
-0.004078063368797302
0.019855719804763795
0.08229611814022064
0.07102741897106171
0.049417939782142636
0.10023331344127655
0.06652325391769409
0.17182115614414215
0.15069909691810607
-0.054034101963043216
-0.045534437894821166
0.15690539479255677
0.12683781683444978
-0.0057729601860046385
0.11288551688194275
-0.15873951315879822
-0.11834149062633514
0.16328122615814208
0.020283538103103637
-0.02617885172367096
-0.10085702240467072
0.004172068834304809
0.007436639070510865
0.16517706513404845
0.063091841340065
0.02018057107925415
0.09456052482128144
-0.09313726425170898
0.07809973061084748
0.17066508829593657
0.0461039274930954
0.06382639408111572
0.19793679416179658
0.0528533548116684
0.18512578010559083
0.004506319761276245
-0.0013865023851394654
-0.04282091557979584
0.16947944164276124
-0.042086446285247804
0.28823430836200714
0.1904509335756302
0.07517890930175782
0.08947140574455262
0.19359258115291594
-0.0663857102394104
-0.09407911598682403
0.1949342280626297
-0.18451498448848724
-0.08920411467552185
0.18552959561347962
0.08359194397926331
0.07579368352890015
-0.031038659811019897
0.012681052088737488
-0.04240811169147492
0.26313806772232057
-0.014782091975212098
0.15026515424251558
0.07241839468479157
-0.13784829080104827
-0.00420444905757904
0.13099105656147003
-0.022963672876358032
0.1523308277130127
0.378842368721962
0.011239397525787353
0.20990159511566162
0.07012526094913482
0.008054038882255555
0.04970476031303406
-0.06175269782543182
0.2626508265733719
-0.07720847129821777
0.15882171988487243
0.019674310088157655
-0.06476879715919495
0.03408922255039215
0.1498263359069824
0.07436327338218689
-0.028859278559684752
0.1584170013666153
0.14551193118095399
0.08645091354846954
0.03024175763130188
-0.03782626986503601
-0.04499186277389526
-0.00744713544845581
0.19492683410644532
0.14253977537155152
0.15195462107658386
-0.02097322642803192
0.00410531759262085
0.3258584767580032
-0.05914431512355804
-0.07999620139598847
0.28031137883663176
-0.04334845244884491
0.12451358437538147
0.20424803495407104
0.15482212007045745
0.06136437952518463
