-1.3901427537202835
-1.387563794851303
-1.416516548395157
-1.310791289806366
-1.3452673316001893
-1.084491091966629
-0.8253931134939194
-1.013126626610756
-0.7438013911247253
-0.893818524479866
-0.9468237817287445
-0.4346631824970245
-0.5640719145536423
-0.798450943827629
-0.6132958710193634
-0.5312301397323609
-0.20604751706123353
-0.24949372708797454
-0.3688478171825409
-0.5410359829664231
-0.4461049735546112
-0.7136118859052658
-0.5120326101779937
-0.46347892880439756
-0.6453460931777955
-0.38497003018856046
-0.36962651610374453
-0.6090661436319351
-0.17169657945632935
-0.804026386141777
-0.22338028848171235
-0.28533032834529876
-0.5688878327608109
-0.5322248816490174
-0.6836564987897873
-0.18975733518600463
-0.46706829965114594
-0.6386234253644943
-0.1828751504421234
-0.32412129640579224
-0.661902004480362
-0.38591998219490053
-0.22261494994163514
-0.3684395730495453
-0.21451636850833894
-0.5377774089574814
-0.1635756254196167
-0.4614666223526001
-0.5124736189842224
-0.26667205393314364
-0.4245847463607788
-0.5456098645925522
-0.4924028664827347
-0.4648139625787735
-0.5852227658033371
-0.3371139854192734
-0.43959262073040006
-0.27430402040481566
-0.2194542646408081
-0.20337921380996704
-0.31251623034477233
-0.13298531174659728
-0.4010140299797058
-0.38353364169597626
0.06979237794876099
-0.2633609056472778
-0.21056023836135865
0.026761245727539063
-0.3863380402326584
-0.013990223407745361
-0.17444549202919007
0.02251056730747223
-0.3207720547914505
-0.1129101574420929
-0.1650564044713974
-0.30439530611038207
-0.10234170258045197
-0.11816472113132477
-0.36055431365966795
-0.45367857813835144
-0.3245633661746979
-0.1401409089565277
-0.37481931149959563
-0.2873543620109558
-0.07669750452041627
-0.2295593410730362
-0.26992729008197786
-0.04480227828025818
-0.20855160057544708
-0.07326305508613587
-0.06976158320903778
-0.27054229378700256
0.004483473300933838
-0.2152462422847748
-0.087355238199234
-0.38756251335144043
-0.06616901159286499
-0.1845279484987259
-0.5315479815006257
-0.16723722219467163
-0.048828160762786864
-0.15209328830242158
-0.24945621192455292
-0.2938380777835846
-0.01336957812309265
-0.23589730262756348
-0.09108200073242187
-0.3900279372930527
-0.057189321517944335
-0.12884395718574523
-0.5371088773012161
0.0863983154296875
-0.0179585337638855
-0.25391058921813964
-0.28437339067459105
-0.06810818910598755
-0.11468347012996674
-0.0739106833934784
-0.14795678853988647
-0.32628827095031737
-0.6262993305921555
-0.2969708561897278
-0.1636357456445694
-0.23894249200820922
-0.07825976312160492
-0.08937273919582367
-0.21915511786937714
-0.1763974040746689
-0.2871120870113373
-0.2956054389476776
-0.15264829993247986
0.00461694598197937
-0.0322289377450943
-0.22608003616333008
0.007298851013183593
-0.0530045360326767
-0.22122909128665924
-0.14902506470680238
-0.09077604413032532
-0.22536077797412873
-0.20677472352981568
-0.09865275025367737
0.015647417306900023
-0.07684527039527893
-0.3452825158834457
-0.13586602807044984
-0.25738086104393004
-0.195864737033844
-0.25109764337539675
-0.2428555428981781
-0.017830747365951537
-0.33906078338623047
-0.3699268102645874
0.05043151378631592
-0.09615607261657715
-0.2113652288913727
-0.1719930499792099
-0.059715867042541504
-0.14452410042285918
-0.1679706782102585
0.0019620656967163086
-0.1019696056842804
-0.0697093814611435
-0.07179113030433655
-0.02931784391403198
-0.0810721218585968
-0.27019900679588316
-0.1874864310026169
-0.19020365178585052
0.015371569991111755
-0.11679771840572357
-0.21103966534137725
0.003785848617553711
-0.20714752078056337
-0.07194462418556213
-0.07834231555461883
-0.03292395770549774
-0.07266528606414795
-0.014953196048736572
-0.06658094823360443
-0.18527451157569885
-0.4172141909599304
0.02344093918800354
-0.14201435148715974
0.008908492326736451
-0.00253259539604187
-0.13228905200958252
0.0030432760715484617
-0.038324487209320066
-0.0560875654220581
-0.016573375463485716
-0.03347009122371673
0.056045138835906984
-0.025638139247894286
0.0031545847654342652
-0.03038727045059204
-0.2525880455970764
-0.1852973759174347
0.046803209185600284
-0.004922801256179809
-0.06431429386138916
-0.032499265670776364
-0.05397921502590179
-0.021569809317588805
-0.1984046459197998
0.027618902921676635
-0.008379769325256348
-0.066144660115242
-0.060903105139732364
-0.2417473316192627
0.01978006064891815
0.060938435792922976
-0.0007807433605194092
0.011826413869857787
-0.07117317020893096
-0.14698123931884766
-0.06901128888130188
0.00011587738990783691
0.01557144820690155
-0.13589096665382386
-0.1168653815984726
0.010219532251358032
-0.04454907774925232
-0.1117856740951538
-0.09386729001998902
-0.03293635547161102
-0.21123847663402556
-0.18078701198101044
-0.13754115700721742
-0.2253784418106079
0.004661846160888672
-0.061491894721984866
-0.21744598150253297
-0.023829948902130128
-0.013647341728210449
-0.4122280776500702
-0.20976060032844543
-0.23547763824462892
0.013268157839775085
-0.1426551103591919
-0.05049823224544525
-0.25612759292125703
-0.1230332225561142
-0.20839329063892365
-0.2690284788608551
-0.021466895937919617
-0.01663236618041992
-0.004323965311050415
0.006665286421775818
0.03423918187618256
0.05756533145904541
-0.12005399465560913
-0.2274368792772293
-0.14664878845214843
0.021311339735984803
-0.11067534685134887
-0.3129855364561081
-0.19305738508701326
-0.0500990092754364
-0.01999688148498535
-0.02574344873428345
0.02417725920677185
-0.3211659938097
-0.05747884511947632
0.02438441514968872
-0.05198811292648316
0.015834397077560423
-0.02706809639930725
-0.010420727729797363
0.030571353435516358
-0.07756808698177338
0.04777279496192932
-0.007844534516334534
-0.004863011837005615
-0.14248558282852172
-0.0894614040851593
-0.0041707813739776615
-0.011222085356712342
-0.020792585611343384
-0.1299992561340332
-0.12003443837165832
-0.09935586452484131
0.005867478251457214
-0.07291304469108581
-0.08526942133903503
-0.13442677557468413
0.00963202714920044
-0.13661740422248841
0.06701388955116272
-0.08868215084075928
-0.049754267930984496
0.025274616479873658
0.015580490231513977
-0.023861163854599
-0.27073665857315066
0.022876048088073732
-0.00465804934501648
-0.0007401108741760254
-0.15296199917793274
0.044254830479621886
-0.12554238736629486
-0.1193040132522583
-0.022414398193359376
-0.001082843542098999
-0.10625283718109131
-0.03681682944297791
0.03873915672302246
-0.09000799357891083
-0.1610035091638565
-0.009422260522842407
0.008279752731323243
-0.003463369607925415
-0.08872262835502624
-0.012199532985687257
-0.04758437275886536
-0.09738749861717225
-0.19704121649265288
0.002133399248123169
-0.024382224678993224
-0.03142431378364563
0.062198024988174436
0.004525142908096314
-0.08605926036834717
-0.04807371497154236
-0.059132587909698484
0.014918062090873718
-0.07108156383037567
-0.055122950673103334
-0.001502549648284912
-0.007516169548034668
-0.038380411267280576
0.026379850506782532
-0.20344462990760803
-0.0074834167957305905
-0.0007925719022750854
-0.08217919170856476
0.014988446235656738
-0.18804047107696534
-0.02360978126525879
0.06185300946235657
-0.26604175865650176
-0.16653240323066712
0.02004833221435547
0.0007744431495666504
-0.011990833282470702
0.0022146522998809813
-0.10098316073417664
-0.01201876401901245
0.04426202178001404
-0.0928432285785675
0.0025393545627593996
0.025251677632331847
-0.09512196481227875
-0.06437981426715851
-0.1205982357263565
-0.10735845565795898
-0.16607048511505126
-0.04089307188987732
-0.047161662578582765
-0.033743244409561154
-0.08007191419601441
0.08574118316173554
0.014331606030464173
-0.16405190229415895
-0.1533695638179779
-0.010879993438720703
-0.154204860329628
0.03276835680007935
0.042960309982299806
-0.01831279993057251
-0.1317647933959961
-0.01729852259159088
0.005119597911834717
-0.35209967494010924
-0.12536906599998474
0.05418888032436371
0.01973770558834076
-0.00021679103374481202
-0.0887774407863617
0.09864040315151215
-0.039330920577049254
-0.13432592749595643
-0.028681018948554994
-0.06758186221122742
0.029646226763725282
-0.07304310500621795
-0.19586780071258544
0.06590862572193146
0.008969086408615112
-0.017766085267066956
-0.09108660817146301
0.11835564374923706
0.018036806583404542
-0.08881905078887939
0.001794201135635376
-0.001976412534713745
0.002411079406738281
-0.06756563484668732
-0.04447559416294098
-0.004942753911018371
-0.04605718851089478
-0.04565407335758209
0.004922634363174439
0.01078600287437439
-0.08883600831031799
0.0003286063671112061
-0.004851573705673217
-0.3641666561365128
-0.0977429986000061
-0.07085346579551696
0.052472245693206784
-0.0039361298084259035
-0.006432551145553589
-0.0006386280059814453
0.017761006951332092
0.033926749229431154
-0.048811021447181704
-0.09168861508369446
-0.06833368241786957
-0.08114947378635406
0.009943187236785889
-0.05610570907592773
-0.02064836025238037
0.0076714098453521725
0.0013602524995803833
0.028953135013580322
-0.11188457906246185
-0.07230273187160492
-0.009705013036727906
-0.09941203594207763
0.004164069890975952
0.016357859969139098
-0.08610970675945281
0.015222078561782837
-0.08186608850955963
-0.07508279979228974
0.009178704023361206
-0.189099782705307
0.01858605444431305
-0.004014879465103149
0.0844174563884735
-0.005430746078491211
-0.011345595121383667
-0.006082308292388916
-0.25572972297668456
-0.06852408051490784
-0.027449965476989746
-0.11256555914878845
-0.0525704026222229
-0.09552177786827087
-0.02167714238166809
-0.15060535073280334
-0.09933961927890778
-0.10239585936069488
-0.11525427103042603
-0.24581480026245117
0.04447287321090698
-0.03937160074710846
0.02290714383125305
-0.0436334103345871
0.0027472198009490965
-0.09825431704521179
-0.20391460061073302
0.024657225608825682
0.006471121311187744
-0.1304183542728424
-0.08910865783691406
-0.0048347294330596926
-0.04909349679946899
-0.03858286440372467
0.03263728022575378
-0.17376704812049865
-0.06132972240447998
-0.0050143241882324215
0.004333981871604919
-0.19122810661792755
-0.16113764345645903
-0.2462234079837799
0.022695139050483704
-0.013184380531311036
-0.09312880933284759
-0.01573911905288696
-0.09408349096775055
0.02488938570022583
0.006987142562866211
0.010184291005134582
-0.005723708868026733
-0.003361189365386963
-0.1637188732624054
0.0037464290857315064
0.04600072205066681
0.03095926344394684
0.00937337875366211
-0.14698081016540526
-0.0017370402812957764
0.007378119230270386
-0.18290180265903472
-0.14037634432315826
0.03956576287746429
-0.0754701167345047
-0.047713401913642886
-0.08150269091129303
-0.16314853429794313
-0.045731726288795474
0.051239094138145445
-0.10665303766727448
-0.0025821387767791747
-0.013541084527969361
0.01246892213821411
-0.10780861377716064
-0.014373025298118592
-0.09360185861587525
0.03466959595680237
0.07164260745048523
0.019029784202575683
-0.0046334415674209595
-0.015599948167800904
0.06834176778793336
-0.00413191020488739
0.007665765285491943
0.06540592014789581
-0.008854520320892335
-0.0014226287603378296
-0.012006619572639465
0.011838865280151368
-0.13051222562789916
-0.02327958643436432
-0.1720961332321167
-0.0709303081035614
-0.15626859664916992
-0.005365914106369019
-0.10940567553043365
-0.04457580745220184
-0.27214046120643615
-0.05715958774089813
-0.0730611503124237
-0.002640002965927124
-0.09140406250953674
-0.05744552314281463
0.024830305576324464
-0.008260077238082886
0.021473103761672975
-0.05299096703529358
0.06917014718055725
0.01929122507572174
0.033507466316223145
-0.0019359588623046875
-0.02044234573841095
-0.08431177735328674
-0.01990448236465454
-0.004855719208717346
-0.0023221492767333983
-0.059381121397018434
0.0031327277421951292
-0.03767918646335602
0.04594050049781799
-0.1385197401046753
-0.09019021689891815
0.052079230546951294
0.06001099944114685
-0.1673820585012436
-0.028716713190078735
-0.08790476322174072
-0.008525842428207397
-0.010454177856445312
-0.16935523748397827
0.007456183433532715
0.01951322555541992
-0.04819477498531342
0.016534069180488588
-0.04535730183124542
-0.16229099035263062
0.11156509220600128
-0.162458935379982
-0.010109484195709229
0.05377988219261169
-0.07346306145191192
0.01622018814086914
0.049214571714401245
-0.0057429313659667965
0.026190933585166932
-0.16074520647525786
0.012999588251113891
0.0001856386661529541
-0.18806929886341095
-0.07044000625610351
-0.03217134177684784
-0.1498497098684311
0.01528887152671814
-0.011068835854530334
-0.0008510470390319825
-0.010055169463157654
-0.05518949031829834
-0.0002923071384429932
-0.04843975901603699
-0.18457921147346495
-0.12045403122901917
0.032007533311843875
0.03786885142326355
0.011526241898536682
0.01550270915031433
0.045604318380355835
-0.005165687203407288
-0.009066054224967956
-0.06102818250656128
-0.09694917798042298
-0.011773693561553954
0.003471183776855469
-0.012666657567024231
-0.09095392823219299
0.024167749285697936
0.06535919308662415
0.008718734979629517
-0.02796746790409088
-0.04832446277141571
-0.01502399742603302
-0.07004424035549164
0.14623991549015045
-0.010439509153366089
0.014102590084075928
-0.1400246202945709
0.02674616277217865
-0.11215201020240784
0.08175183832645416
-0.002817624807357788
-0.03063223659992218
0.0023436188697814942
0.06348144710063934
0.009925732016563415
-0.003820532560348511
-0.12096615135669708
0.05601527690887451
-0.16944429874420167
0.08177901208400726
0.05025980770587921
0.01092967689037323
-0.027520006895065306
0.018365699052810668
-0.1950994461774826
-0.006887352466583252
-0.08794475793838501
0.0072458237409591675
0.03422041535377503
-0.06216074824333191
0.041979354619979856
0.03918670415878296
-0.001909404993057251
0.024876627326011657
-0.0018540143966674805
-0.001139378547668457
-0.03837534189224243
0.0030664026737213133
-0.004608052968978882
-0.012020903825759887
0.00044550597667694094
-0.057653358578681944
-0.17080266177654266
-0.0010113537311553956
-0.09788132905960083
-0.2084155797958374
-0.21491277515888213
0.004800349473953247
-0.0015702545642852783
-0.015159422159194946
-0.08546917736530305
-0.18525139689445497
-0.016079270839691163
0.039185178279876706
-0.0461439847946167
0.08038288354873657
-0.0005504786968231201
0.030233436822891237
0.08914350271224976
0.010541146993637085
-0.13280724883079528
-0.09669533371925354
-0.006884542107582092
0.005719202756881714
0.030971744656562807
-0.06705468297004699
0.09269484281539916
-0.008810597658157348
-0.020389553904533387
0.00271393358707428
0.007958143949508667
0.016589948534965517
-0.035324230790138245
-0.003945428133010864
0.025575476884841918
0.009850093722343444
-0.009176570177078246
0.04582180380821228
-0.24192401468753816
-0.0036637842655181884
0.010531073808670044
0.09354395270347596
-0.07685598134994506
0.015771806240081787
-0.11164658963680267
0.013520434498786926
-0.010039830207824707
-0.0075978398323059086
-0.009938812255859375
0.05563217997550964
0.022772255539894103
0.030202618241310118
-0.04709055125713348
0.06636247634887696
0.001671379804611206
0.02957996428012848
-0.0011408984661102294
-0.04618125259876251
-0.14480400383472442
0.017869707942008973
0.0034925341606140137
-0.11615654528141021
-0.08424519300460816
0.03723835349082947
0.003871902823448181
-0.0027234375476837156
0.025477153062820435
0.02348393201828003
-0.10731988549232482
-0.005752080678939819
0.00043193399906158445
0.03521741330623627
-0.005451631546020508
0.06491212248802185
-0.14541681110858917
-0.006313192844390869
-0.0162494957447052
0.0017318129539489746
0.006740188598632813
0.023869791626930238
-0.0009635061025619507
-0.0019311040639877319
0.005132436752319336
-0.020116063952445983
0.06825311779975891
0.005779337882995605
-0.0003217339515686035
0.0329736590385437
-0.008775091171264649
0.026862061023712157
0.050932982563972475
-0.022475236654281618
0.00765041708946228
-0.028923353552818297
0.019112980365753172
-0.006947115063667297
0.00863243341445923
0.11828656494617462
0.03575165867805481
-0.09467954635620117
0.04274561107158661
0.0021300852298736573
0.06978820562362671
-0.009806749224662781
0.013856339454650878
0.017251554131507873
-0.10442129671573638
0.01590331792831421
-0.06088118255138397
-0.00010131299495697021
-0.13189210295677184
0.02602313756942749
-0.11264219880104065
-0.003183653950691223
-0.2098330557346344
0.014413940906524658
-0.021919023990631104
0.09446113109588623
0.015578693151474
-0.0721784234046936
0.02573440968990326
0.007821601629257203
-0.005136650800704956
-0.0057239830493927
0.041432902216911316
0.0034424006938934327
0.004191380739212036
-0.050047853589057924
0.04826758503913879
0.008476793766021729
-0.05377852916717529
0.06010251939296722
-0.033985328674316403
-0.013798463344573974
0.02095048725605011
-0.004321545362472534
0.026010611653327943
-0.05826583206653595
0.003197246789932251
-0.030379045009613036
0.03979541659355164
0.00471266508102417
-0.05223405063152313
-0.032694694399833676
-0.005527651309967041
-0.008793264627456665
-0.05102058053016663
0.03487650156021118
-0.00668979287147522
0.022878041863441466
-0.031520357728004454
0.01903733015060425
-0.07143397927284241
0.1549444317817688
-0.13952451348304748
0.01783983111381531
-0.09347065389156342
0.005283007025718689
0.05233606398105621
0.0034880280494689942
-0.0002878963947296143
0.028911200165748597
0.05151240229606628
0.0058208882808685304
-0.0771636962890625
-0.01630336940288544
0.058443653583526614
0.004457193613052368
0.002967008948326111
-0.0976121187210083
-0.02616696059703827
-0.1985590636730194
0.05559351444244385
-0.025678768754005432
0.06069237291812897
-0.09805293679237366
-0.009399732947349549
-0.06584724485874176
-0.13028842210769653
-0.17091918587684632
-0.012421169877052307
-0.09109039604663849
-0.013222840428352357
-0.00878276526927948
0.010339143872261047
-0.15025355219841002
0.09084400832653046
-0.07670882940292359
0.04951803386211395
0.033967384696006776
-0.03250737190246582
0.05919511318206787
0.04858862161636353
0.015312814712524414
-0.0017517447471618653
-0.003599238395690918
-0.06788085103034973
-0.00101739764213562
0.02394806146621704
0.020524805784225462
0.02952854037284851
0.03513501882553101
0.03285136818885803
0.02768232226371765
-0.007982772588729859
0.024201977252960204
0.029816314578056335
-0.07343695759773254
0.02626091241836548
0.06937429308891296
-0.009026768803596496
0.010923916101455688
0.06355787217617034
0.028927594423294067
0.008151695132255554
0.0797275573015213
-0.0023130297660827635
-0.007143989205360413
-0.05255462527275086
0.015983960032463072
0.0010533541440963744
0.09686460196971894
-0.012402918934822083
0.012502962350845337
-0.059361386299133304
0.00022029876708984375
0.07180457711219787
-0.015487903356552124
-0.07514092326164246
0.051527345180511476
-0.00996648073196411
-0.12163591980934144
0.07199691236019135
0.02132960259914398
0.01814185082912445
0.008911749720573426
-0.0590545266866684
0.08900526165962219
0.05454520881175995
-0.0022052645683288572
-0.02487618327140808
0.06380841135978699
-0.009458094835281372
-0.0019809216260910033
-0.0446116179227829
0.01758228540420532
-0.08245064914226533
0.014164268970489502
0.17669254839420317
0.04244530200958252
0.03449468612670899
0.03317155241966248
0.007554489374160767
0.01757885217666626
0.0822378009557724
0.009929168224334716
0.1019898921251297
-0.053563690185546874
-0.13116601705551148
0.001287907361984253
0.03818542957305908
0.016814717650413515
-0.0655630499124527
0.009082502126693726
-0.08484757542610169
-0.0072638154029846195
-0.08855927586555482
0.0033854693174362183
-0.0029738366603851317
0.00770801305770874
0.04500536620616913
0.005644208192825318
0.01575862765312195
-0.010821178555488586
0.02708898186683655
0.0011502355337142944
0.05033397674560547
0.0004516422748565674
-0.023264992237091064
0.0034168541431427004
0.0009189426898956298
-0.02382088899612427
0.1395116001367569
0.10818095803260804
-0.0010851979255676269
0.028423047065734862
-0.061823216080665586
-0.06766245663166046
-0.1706199288368225
0.07848061323165893
-0.04987836480140686
-0.013559263944625855
-0.006477981805801392
0.014730092883110047
0.06229434013366699
0.018928015232086183
0.08433693051338195
-0.0006288707256317139
-0.021663647890090943
-0.0049708843231201175
-0.026616683602333067
0.04033441245555878
0.044628357887268065
-0.0002107083797454834
0.00776795744895935
0.012340682744979858
0.01346811056137085
0.021404957771301268
0.07077789902687073
-0.07475702166557312
-0.008089712262153626
-0.005113556981086731
0.08548264503479004
-0.05569899380207062
-0.07451597154140473
0.015614098310470581
-0.018147045373916627
0.035006594657897946
0.0076874405145645145
-0.00028104186058044436
-0.04431771039962769
-0.041257864236831664
-0.07892057597637177
0.0038194119930267333
0.022222363948822023
0.0049072265625
-0.04607145786285401
-0.014670181274414062
-0.01254456639289856
-0.1922648400068283
0.06548084616661072
0.017806991934776306
0.0007826060056686402
-0.02286345660686493
0.018358755111694335
0.0006737679243087769
-0.08368582725524902
-0.007313951849937439
-0.001491791009902954
-0.0645223617553711
-0.019178318977355956
0.007085478305816651
-0.04063710868358612
0.03435561358928681
0.01983238458633423
-0.17396413683891296
0.0020101577043533324
0.011785173416137695
-0.009120887517929077
0.008951312303543091
-0.022127711772918703
0.014012956619262695
0.020837295055389404
-0.04432226419448852
-0.010786011815071106
-0.0020408958196640016
-0.029267996549606323
0.07594796419143676
0.04380042552947998
0.014014053344726562
-0.016627019643783568
0.02256765365600586
0.01051306426525116
0.02316809296607971
-0.000310438871383667
0.0016243577003479004
0.02333415746688843
0.05095615386962891
0.0516804963350296
0.0022362351417541506
0.0022256165742874146
0.029947739839553834
0.0005158215761184692
0.016472172737121583
0.031200456619262695
0.0019610732793807983
-0.04936380982398987
0.01335117220878601
0.013301408290863037
-0.004471078515052795
0.0505034476518631
-0.008843114972114563
-0.002159613370895386
-0.00635342001914978
0.00807185173034668
-0.08390496373176574
0.00455816388130188
-0.2247784376144409
-0.00034387707710266114
-0.0566770076751709
-0.08200678825378419
0.003531324863433838
0.04427053928375244
0.00863596796989441
-0.008124029636383057
0.024841701984405516
0.007166406512260437
0.05614669322967529
-0.005436104536056518
-0.04905746877193451
0.004903525114059448
-0.0022866249084472655
0.04234844148159027
0.10182867050170899
-0.0035286903381347655
-0.005177336931228638
0.05009777545928955
0.10292945206165313
0.011594241857528687
-0.006738144159317017
0.022738301753997804
0.006682002544403076
-0.06278088390827179
-0.028396371006965637
-0.0017516374588012694
0.034664231538772586
0.03472357988357544
0.12721684575080872
0.010651850700378418
-0.09658129811286927
-0.08785593509674072
-0.05888354480266571
-0.010299065709114074
-0.008869969844818115
-0.01794181764125824
-0.05553696751594543
0.013166093826293945
0.004515004158020019
-0.004126542806625366
0.00586366057395935
0.022427791357040407
-0.0866770625114441
-0.0916111409664154
0.03171159625053406
0.03161474764347076
-0.014846545457839967
-0.004833489656448364
0.05182573199272156
0.0170327752828598
0.00781930685043335
0.005799683928489685
0.02398780584335327
-0.09800909757614136
-0.09754136204719543
-0.09458372890949249
0.030032086372375488
-0.01530417799949646
0.011720305681228638
-0.04522368907928467
0.09503038227558136
0.004630306363105774
-0.018376946449279785
0.058827176690101624
0.0521980881690979
0.011301767826080323
-0.021055835485458373
-0.12679663002490998
-0.0327526718378067
0.0009621977806091309
0.0013809174299240113
-0.020324960350990295
-0.13309097290039062
-0.006558406352996826
0.01143864393234253
-0.0033558905124664307
0.021770793199539184
-0.0022620558738708496
0.05185122787952423
-0.002372723817825317
-0.02182705104351044
0.008885228633880615
0.027465462684631348
-0.003962403535842896
-0.1370161294937134
-0.07359008193016052
0.009854692220687866
-0.023658132553100585
-0.016350331902503967
0.005252349376678467
-0.04491108059883118
0.005289268493652344
0.017784976959228517
0.004084894061088562
0.05461146235466004
0.04229757785797119
0.019082671403884886
0.005163854360580445
0.010283839702606202
0.012221306562423706
-0.053859326243400577
-0.19733858704566956
0.01804528832435608
0.0883229523897171
0.006305909156799317
0.024296730756759644
-0.004689675569534302
0.0005420058965682984
0.018913477659225464
0.018305966258049013
0.015410959720611572
-0.1266610860824585
0.03235317468643188
0.0005789071321487427
0.059912821650505065
0.0042434632778167725
0.004447123408317566
0.018727347254753113
0.0010096520185470582
0.07737066149711609
-0.1677919000387192
0.030232882499694823
0.008397114276885987
0.010850772261619568
0.023970410227775574
-0.0755496472120285
0.01389123797416687
-0.13041643798351288
-0.12289917767047882
0.04280940592288971
0.0047735095024108885
-0.00033220648765563965
-0.10118444561958313
0.020638656616210938
0.05015896260738373
0.017979547381401062
0.004381883144378662
-0.017631933093070984
-0.00023518800735473634
-0.00034788846969604494
0.09325125813484192
0.019132134318351746
-0.014899149537086487
-0.009516119956970215
-0.0069095373153686525
0.074321249127388
0.014176809787750244
-0.18819593787193298
-0.0011777967214584351
0.023100060224533082
0.030271172523498535
-0.03136354088783264
0.03819707334041596
0.0033457040786743163
0.004373377561569214
0.0012154877185821533
-0.12342971563339233
0.034134486317634584
0.0021430522203445433
0.03619436025619507
-0.0985207200050354
-0.019305980205535887
0.08839101493358612
-0.0359073281288147
0.05927313268184662
0.010488831996917724
0.005335688591003418
-0.01808156371116638
-0.002089327573776245
-0.001068606972694397
-0.0026104778051376345
-0.08503902554512024
-0.0010582566261291503
0.02177981734275818
0.02425866723060608
0.03221310079097748
0.02630273699760437
-0.1659153699874878
-0.41319931149482725
0.08125771284103393
0.01019783616065979
0.023587220907211305
-0.029368439316749574
0.012876319885253906
-0.019335287809371948
0.0030804216861724854
-0.17911047041416167
-0.061942499876022336
-0.002296626567840576
0.004137489199638367
-0.046467137336730954
0.014422136545181274
-0.2060207635164261
-0.10587184727191926
-0.006791901588439941
0.05138079524040222
0.03222916722297668
0.0026449501514434815
-0.08258153200149536
0.0008617818355560302
-0.004434823989868164
-0.2664995789527893
-0.08786650896072387
-0.021957260370254517
0.015035140514373779
-0.013783073425292969
0.03658801317214966
0.03903807103633881
0.0032005250453948975
0.04214962124824524
-0.13923327028751373
0.004475656151771546
0.05375092625617981
0.019508254528045655
-0.1630891740322113
0.09209372699260712
-0.11329602897167206
-0.12555736899375916
-0.0067946106195449826
-0.002616900205612183
0.028108054399490358
-0.07787294983863831
0.00045241713523864747
0.011729270219802856
0.08499133288860321
0.005882936716079712
0.026997825503349303
0.06966056227684021
-0.002839154005050659
0.040204566717147824
-0.09799839854240418
0.08990019261837005
-0.003137040138244629
0.006975364685058594
0.01839488446712494
0.047829389572143555
-0.008127081394195556
-0.002786707878112793
0.011777597665786742
-0.03876386880874634
0.003158637881278992
0.035903719067573545
0.03311683535575867
0.07350127696990967
-0.030490970611572264
-0.046429884433746335
0.018633922934532164
-0.13609670400619506
0.03142328262329101
0.008500194549560547
0.04765293598175049
0.08429826498031616
0.00842113196849823
0.03628024458885193
0.0025502443313598633
0.04405178129673004
0.009642118215560913
0.08778843879699708
-0.00811350643634796
-0.03977074027061463
0.07140410840511321
0.047078469395637514
0.014339238405227661
-0.01128915548324585
-0.04943433105945587
-0.024214145541191102
0.026030638813972475
0.05255939066410065
0.07745403647422791
0.06705693006515503
0.00038942992687225343
0.003022819757461548
0.004097282886505127
0.020424363017082215
-0.03713658750057221
0.008812880516052246
-0.0334073543548584
-0.0013855040073394776
0.014517384767532348
-0.047611406445503233
-0.029247865080833435
-0.05876570641994476
0.03836946487426758
0.031741601228713986
-0.013821899890899658
-0.018688473105430602
0.05899829864501953
-0.004475617408752441
0.0016483932733535767
0.011089718341827393
0.007426404953002929
-0.009757447242736816
0.004030388593673706
-0.06888132095336914
0.012106943130493163
-0.11137803494930268
-0.051745820045471194
0.05875124335289002
-0.01794523000717163
-0.1728171616792679
0.01674877107143402
-0.0026180863380432127
0.04242110252380371
0.0031295716762542725
0.00709713101387024
-0.005129724740982056
-0.02534867525100708
-0.04173916876316071
-0.014630776643753052
-0.1211618036031723
-0.01022067666053772
-0.014057689905166626
-0.0030074119567871094
-0.05119394659996033
0.01981123983860016
0.07517185807228088
0.06460832953453063
-0.006036090850830078
0.03975154757499695
-0.07344885468482971
-0.008561235666275025
-0.004723358154296875
0.008069425821304321
-0.09781388640403747
0.02473028302192688
0.11309892535209656
0.13012785017490386
-0.09687142372131348
0.01739436388015747
-0.0025896310806274416
0.0012920886278152467
-0.0023457229137420653
0.012533089518547058
-0.1133094847202301
0.026296201348304748
0.002295571565628052
0.054372936487197876
0.004270869493484497
-0.030880489945411684
-0.031809255480766296
0.048358970880508424
-0.08414501249790192
-0.0013862133026123046
-0.05394231677055359
-0.0582525908946991
0.006165897846221924
-0.014488685131072997
0.011221635341644286
-0.03571128249168396
0.030936643481254578
-0.12205425500869752
-0.00656244158744812
-0.001969224214553833
-0.021494731307029724
-0.02765394449234009
-0.01090448498725891
0.044037085771560666
0.012893125414848328
0.057404109835624696
-0.09184830486774445
-0.017274585366249085
0.002789419889450073
-0.010097235441207886
0.028591328859329225
-0.08726423978805542
-0.03159991204738617
-0.20006392598152162
0.04183762073516846
0.03826316595077515
0.011684897541999816
0.0464411050081253
-0.012382712960243226
0.03840481042861939
0.03458157181739807
-0.09780285358428956
0.06866877675056457
-0.06022812128067016
0.042227286100387576
0.01501649022102356
-0.003904414176940918
0.0055226564407348635
-0.015205451846122741
-0.2047289490699768
0.0017360031604766845
0.006603437662124634
0.04601771235466003
0.007813841104507446
-0.003807699680328369
-0.0040452837944030765
0.050480523705482484
0.025424838066101074
0.03631722927093506
0.007936477661132812
0.030719205737113953
0.052022510766983034
0.08079454898834229
-0.03346097767353058
0.04460555911064148
0.0018563628196716308
0.07266175746917725
-0.0066666662693023685
0.055220842361450195
0.019184884428977967
0.014739808440208436
0.00735437273979187
0.007528042793273926
-0.03758839964866638
0.08740150034427643
-0.059758502244949344
0.02642728090286255
-0.0018011748790740967
-0.16821914911270142
0.02377716600894928
-0.04396966397762299
0.02068747580051422
-0.03606683909893036
0.006763327121734619
-0.039238744974136354
0.07856650650501251
-0.18490964472293853
-0.03820654153823853
0.042243403196334836
0.000536501407623291
0.023961663246154785
0.03218010663986206
0.03196994066238403
0.06007390320301056
-0.0028130948543548585
0.03648533523082733
-0.0034033536911010744
-0.00678136944770813
-7.569789886474609e-07
-0.12229199111461639
-0.032291027903556827
-0.0025958120822906494
0.009535598754882812
-0.0059331744909286496
-0.008028846979141236
0.007760006189346314
-0.006810468435287475
-0.019265761971473692
0.026463282108306885
0.05778593719005585
0.020047688484191896
0.0032037854194641112
0.07105148434638978
0.02974921464920044
0.09735347926616669
0.06157414317131042
0.017123231291770936
0.06307069659233093
0.00923464298248291
0.03363041579723358
0.003939372301101684
0.0026927173137664797
0.004262936115264892
-0.00276031494140625
0.003486531972885132
-0.00274466872215271
0.055821627378463745
-0.01985662579536438
-0.00020995140075683594
-0.14425566494464875
0.05359468460083008
0.0032006144523620606
0.002127718925476074
0.021784424781799316
-0.001562577486038208
0.01007634997367859
0.03117457926273346
-0.1201752781867981
-0.05496970415115356
-0.0031614601612091064
0.04953865110874176
0.016902470588684083
0.012780165672302246
0.0031365513801574706
0.027479177713394164
0.0012629210948944091
-0.007677716016769409
-0.0662379264831543
-0.09479226768016816
-0.026330861449241637
0.083169886469841
0.03920121788978577
0.0090914785861969
0.06289544105529785
0.11167780160903931
-0.009339982271194458
-0.09763166904449463
-0.011642339825630187
-0.0034502387046813966
-0.08223111927509308
0.03590397238731384
-0.12796227037906646
0.05691189169883728
0.016399005055427553
-0.009572833776473999
-0.04316598176956177
0.02322438359260559
-0.004411393404006958
0.028913819789886476
-0.03955423533916473
0.051998245716094973
-0.05469072759151459
0.07800638377666473
0.06139301061630249
0.08996427059173584
-0.009902673959732055
0.01310124397277832
-0.007341939210891724
0.023158925771713256
-0.015173092484474182
0.010231322050094605
0.05604312419891357
-0.053645658493041995
0.005212187767028809
-0.017008990049362183
0.015135902166366576
0.04322578310966492
0.01117115020751953
0.06388928592205048
-0.0014861822128295898
0.003174343705177307
-0.0012134820222854613
0.014536747336387634
0.05705191493034363
-0.0012686043977737428
0.0009199976921081543
-0.08649302124977112
0.002192431688308716
0.04797486364841461
0.024490657448768615
0.014391517639160157
-0.1866808295249939
-0.0558985710144043
0.03640750348567963
0.03145306408405304
0.052150285243988036
-0.07624823451042176
-0.016619870066642763
0.009509292244911195
0.18600375950336456
0.028900420665740965
0.004908031225204468
-0.0007638782262802124
0.02439177632331848
0.014402738213539124
-0.050012946128845215
0.09797635078430175
0.0014416873455047607
-0.006748765707015991
0.022519117593765257
0.04763521552085877
0.03146257698535919
0.002880573272705078
-0.017778483033180238
-0.1173035204410553
0.018922412395477296
0.02830406427383423
-0.02006702721118927
-0.10824627280235291
0.09222747087478637
0.019230413436889648
-0.021175375580787657
0.05664547085762024
0.0350599080324173
0.010308295488357544
-0.10133899450302124
0.03925613760948181
-0.00048539042472839355
0.015188193321228028
0.010875549912452698
-0.02215695083141327
-0.12314662337303162
0.06795949339866639
0.006737235188484192
-0.0017268598079681397
0.020651787519454956
-0.00337405800819397
0.010911595821380616
0.07003454864025116
0.09292909801006317
0.021705612540245056
0.009699085354804992
0.07319909632205963
0.02877281904220581
-0.1955659031867981
-0.005956488847732544
-0.08585192561149597
0.06766698956489563
0.014048558473587037
-0.0991759479045868
0.01792231798171997
0.05762794017791748
0.10159721374511718
0.010890313982963562
-0.0674392580986023
-0.002932208776473999
-0.1396145910024643
-0.004891395568847656
-0.08977792859077453
0.03596565127372742
0.060414907336235044
0.08521184921264649
0.0019372880458831787
-0.011922937631607056
0.09677112102508545
-0.10044293403625489
-0.07533476948738098
-0.013240045309066773
0.023169320821762086
-0.006934541463851929
-0.06637889742851258
0.00044171810150146485
0.03055008053779602
0.07920053601264954
0.006736743450164795
-0.11447502672672272
-0.005009305477142334
-0.09558280110359192
-0.015137216448783875
-0.0294953852891922
0.06275063455104828
0.015348982810974122
0.017652127146720886
0.07749215364456177
-0.014312636852264405
-0.020176684856414794
-0.041179528832435607
0.020116037130355834
-0.015649175643920897
-0.1677068442106247
-0.01959858238697052
0.011179405450820922
0.02638549208641052
0.12494011819362641
-0.0030775189399719237
-0.0014501750469207765
0.013560807704925537
-0.2107849270105362
0.02873644232749939
-0.047742205858230594
-0.05182809233665466
0.012979245185852051
0.04907551407814026
0.028166115283966064
-0.028079146146774293
0.01778363287448883
0.1121180772781372
-0.004870915412902832
-0.044852915406227115
-0.2098481297492981
-0.06577918231487274
0.05751327276229858
-0.008125218749046325
0.11304393708705902
0.011338227987289428
0.01314437985420227
0.021359622478485107
-0.05198257565498352
-0.023171281814575194
-0.001977473497390747
-0.03861457109451294
0.050214290618896484
0.0033771634101867677
0.059412974119186404
-0.014585372805595399
-0.03654968440532684
0.08327369093894958
-0.08210288882255554
0.050226053595542906
-0.06213482618331909
-0.02632378935813904
-0.011893996596336364
0.034296393394470215
-0.000777512788772583
0.004831236600875854
0.022422629594802856
0.02490572929382324
0.03779067397117615
-0.11098574697971345
-0.08874011635780335
0.0377314567565918
0.03957867026329041
-6.104111671447753e-05
0.03995286822319031
0.0036949336528778074
-0.0021385043859481812
0.08299310803413391
0.008364072442054749
0.02364223301410675
-0.003297606110572815
0.03245046138763428
0.02059458792209625
0.0007188677787780762
-0.08030872344970703
-0.07489689886569977
-0.0012290418148040772
0.045844799280166625
-0.007242810726165771
-0.0753832995891571
0.034232741594314574
0.009530562162399291
-0.0058628380298614505
-0.007163000106811523
0.0039162874221801754
-0.06812825202941894
0.02502327561378479
0.1064736306667328
-0.0011277735233306886
0.0008318781852722168
-0.02204912304878235
0.01058347225189209
0.01948120892047882
-0.002337741851806641
-0.015358498692512513
-0.07030978500843048
0.023453891277313232
0.030914035439491273
0.01896634101867676
0.0632350742816925
-0.012326574325561524
0.020131376385688782
-0.014573216438293457
0.02060437798500061
0.01504782736301422
0.10105195641517639
-0.005844861268997192
-0.0020741790533065794
-0.01593739092350006
-0.09259880483150482
0.03118455410003662
-0.14339035451412202
-0.004789882898330688
-0.0049151420593261715
-0.00254707932472229
0.08754103481769562
0.08564212620258331
-0.0066059291362762455
0.05108221769332886
-0.06386959552764893
0.04628526270389557
-0.08235402703285218
0.03225498199462891
0.06868672370910645
0.06713492274284363
0.03433387279510498
0.011227017641067505
-0.04332107901573181
0.045431941747665405
-0.10899432301521302
0.01504715383052826
0.0011040359735488892
-0.10647242069244385
-0.0039383888244628905
-0.03219418525695801
0.11942950785160064
0.04084938168525696
0.03346855938434601
-0.10234793722629547
0.04930456578731537
0.041008162498474124
0.018841618299484254
-0.030426225066184996
0.013315543532371521
0.030085676908493043
0.032806122303009035
-0.06992654204368591
-0.029164382815361024
0.009304842352867127
-0.0076529145240783695
-0.07233271598815919
0.007505255937576294
0.08462774753570557
0.03414415419101715
-0.0023174941539764403
-0.06304094791412354
-0.08902273178100586
0.00040075778961181643
0.00031644105911254883
-0.020022174715995787
0.05029056072235107
0.02404223084449768
0.002361947298049927
0.011627104878425599
0.013761383295059205
0.013077440857887267
-0.06944539546966552
-0.012025848031044006
-0.020833101868629456
0.07791302800178528
0.058910596370697024
-0.011178433895111084
0.029153022170066833
0.047121664881706236
0.012198829650878906
-0.0014112472534179687
0.05405713319778442
0.05200586915016174
0.09686178863048553
-0.004188245534896851
0.04789981245994568
-0.1420064389705658
0.0002723276615142822
0.003379365801811218
0.00042976438999176025
0.07680206298828125
0.006323620676994324
0.016393426060676574
0.06962738037109376
-0.0011576741933822631
0.011883240938186646
0.012002164125442505
0.005880379676818847
0.008762645721435546
-0.022651904821395875
0.012350153923034669
-0.09557507336139678
-0.005802220106124878
-0.00649908185005188
-0.08113296627998352
0.02134978473186493
-0.012548744678497314
-0.06961745321750641
-0.032420498132705686
0.01594521403312683
-0.029158425331115723
-0.05257887840270996
0.018302211165428163
-0.20477136969566345
0.04078410863876343
0.0015701532363891601
0.002672085165977478
0.028295943140983583
0.02126418352127075
-5.142688751220703e-05
0.018677449226379393
-0.017000892758369447
0.021633946895599367
0.09974635541439056
0.0011637389659881591
0.004659509658813477
0.004119604825973511
-0.019704726338386536
0.02290390133857727
0.005279052257537842
0.08643860518932342
-0.007027870416641236
-0.008738768100738526
0.03960795104503632
0.004180771112442016
0.045274800062179564
-0.014510062336921693
0.01329362690448761
-0.052337223291397096
-0.027268299460411073
0.03062058091163635
-0.08900473713874817
-0.0016219377517700194
-0.08697891831398011
0.010161870718002319
-0.2669820189476013
0.01932853162288666
-0.0037744462490081785
0.014631158113479615
0.03295661211013794
0.0442055344581604
0.06181167960166931
0.0030536293983459474
0.0058609843254089355
-0.031984472274780275
-0.005527102947235107
0.049899569153785704
-0.05591905415058136
0.008789622783660888
0.006666749715805054
-0.001730361580848694
0.016889527440071106
0.04826062023639679
0.014361470937728882
0.040883544087409976
0.006098228693008423
0.016243946552276612
-0.04308182597160339
0.009400337934494019
0.029773595929145812
-0.03931978940963745
0.09401150941848754
0.04207753837108612
0.04352111220359802
0.0014193356037139893
0.04225444793701172
-0.06769989728927613
-0.00298231840133667
-0.008775901794433594
-0.03812653124332428
0.018823623657226562
0.02390244007110596
0.06540190875530243
-0.06649642884731292
0.0049229681491851805
-0.005625408887863159
0.05668019652366638
0.03666678071022034
0.012090712785720825
-0.08481223583221435
0.05431186854839325
-0.0020860016345977785
-0.01263105571269989
0.007610613107681274
-0.26880565881729124
-0.005282658338546753
-0.030965587496757506
-0.059244793653488156
0.017195886373519896
0.018514204025268554
-0.17769285440444946
0.009364524483680725
-0.07953470349311828
-0.09139895439147949
0.041858887672424315
-0.07407872676849366
-0.07546084523200988
0.0073035359382629395
-0.10882843732833862
0.01934928596019745
-0.017490863800048828
0.016720443964004517
0.03069402277469635
0.056145256757736205
0.08387778401374817
-0.0720431625843048
-0.0053066790103912355
-0.05810885727405548
0.030828201770782472
-0.036627697944641116
0.005689117312431336
-0.002704125642776489
-0.16192663311958314
0.007136595249176025
-0.01370982825756073
0.040304312109947206
-0.1161362886428833
0.05566471815109253
0.10861006975173951
-0.07504163980484009
-0.010070371627807616
0.021523413062095643
0.03357850313186646
-0.0016537725925445557
0.01240534782409668
0.09396637976169586
-0.0019063353538513184
-0.006661039590835571
0.053550058603286745
0.03621688187122345
-0.003371495008468628
0.015325474739074706
-0.028335940837860108
-0.05784333646297455
0.07654283046722413
0.0720224678516388
-0.10357840657234192
0.019877374172210693
-0.09241601228713989
0.02501005828380585
0.01472509503364563
-0.00035244226455688477
0.010081610083580017
-0.17848740816116332
0.009275150299072266
0.003727453947067261
-0.059369444847106934
-0.009603703022003173
0.02600691020488739
0.04369895756244659
0.06178805232048035
0.008871003985404968
-0.18473191261291505
-0.02410337030887604
0.03436022996902466
0.09596131145954132
0.01503491997718811
0.04984009265899658
-0.04412877261638641
0.031155943870544434
-0.11452724635601044
0.02440258264541626
-0.0002912163734436035
-0.007506740093231201
0.023396962881088258
-0.062206947803497316
-0.08665034472942353
0.1763105273246765
-0.013467416167259216
-0.26899430751800535
-0.0020967185497283935
-0.10302607417106628
0.021748474240303038
0.01817077100276947
-0.10241361856460571
-0.03703215718269348
0.031084281206130982
0.00925443172454834
-0.1364785373210907
0.01775510311126709
-0.06815270185470582
-0.06651643514633179
0.006077688932418823
0.02876094579696655
-0.04872751533985138
0.030770134925842286
-0.007202738523483276
0.02324707806110382
-0.10176840424537659
0.013379848003387452
-0.04510640799999237
0.019523388147354125
0.09991543292999268
-0.0289255291223526
-0.07009968161582947
-0.053710877895355225
0.005541318655014038
0.004815548658370972
0.009016501903533935
-0.07940292656421662
-0.08228747248649597
-0.015574440360069275
0.021409988403320312
-0.20756877362728118
-0.13583438098430634
0.028647077083587647
-0.12496492564678192
0.055181920528411865
0.06669973731040954
-0.0073252379894256595
0.024387073516845704
-0.23045986592769624
0.01668078303337097
0.037171199917793274
-0.07144960761070251
0.0033502578735351562
0.00868183970451355
-0.05475020110607147
0.035882368683815
0.02165513038635254
-0.005468311905860901
0.0023761868476867678
0.08163829445838929
0.045702630281448366
0.007878905534744263
0.08414572477340698
0.00176771879196167
0.004217106103897095
-0.01265287697315216
0.004237675666809082
-0.02088390588760376
0.002698993682861328
0.03372749388217926
-0.06938478648662567
-0.18941181302070617
0.03805457651615143
0.01533169150352478
0.014860999584197999
-0.01292414367198944
-0.06494633853435516
0.00037266016006469725
0.03820008039474487
0.04201186001300812
-0.1833114206790924
0.17608502209186555
-0.1285802334547043
0.03324623107910156
-0.015938079357147215
-0.11138833463191986
0.022954174876213075
0.03911856412887573
-0.152467805147171
0.03092101216316223
0.053263378143310544
0.008100378513336181
-0.02150551974773407
-0.1693012982606888
-0.009880217909812927
0.08544472754001617
-0.055733346939086915
0.020576319098472594
0.022251415252685546
0.09531325399875641
-0.2746356546878815
-0.0069353699684143065
-0.005011594295501709
0.010905161499977112
-0.08817824721336365
-0.003880995512008667
-0.1605715572834015
0.009919095039367675
-0.06872334480285644
0.017273545265197754
0.0851836383342743
0.006686502695083618
0.006780517101287842
0.0015794098377227782
0.08059280514717101
0.021237507462501526
0.09055506587028503
0.003823387622833252
-0.033153554797172545
-0.02321556508541107
-0.012974107265472412
0.012428322434425354
-0.024855679273605345
-0.07167452573776245
0.010282385349273681
0.03479459285736084
0.028905200958251952
0.012631118297576904
0.02714764475822449
0.021422404050827026
0.00872359871864319
-0.08628386855125428
0.0035398691892623902
0.013628339767456055
0.022316479682922365
0.007980108261108398
0.047469547390937804
0.015565437078475953
-0.0014564990997314453
0.02346652150154114
-0.03671846687793732
0.002779775857925415
0.011924979090690613
0.01473897099494934
0.055664780735969546
-0.09147006273269653
-0.04993054866790771
0.06687496900558472
-0.012149497866630554
0.02321181893348694
0.012827295064926147
-0.11356436014175415
0.03274710774421692
0.0022737205028533934
0.010088539123535157
0.03059428036212921
0.034533756971359256
-0.002810126543045044
-0.07346931099891663
0.019466769695281983
0.09658617675304412
0.05686692297458649
-0.08551139533519744
0.11019746363162994
0.019580796360969543
-0.0119013249874115
-0.0013249427080154418
-0.15669201016426088
-0.06847437620162963
-0.08956093192100525
0.0032122671604156495
0.015177005529403686
-0.016757789254188537
0.029963302612304687
0.03233424723148346
0.006322482228279113
-0.011035716533660889
0.05282867252826691
0.04408644437789917
0.014200279116630554
0.05108397305011749
-0.07542514204978942
-0.08902581334114075
0.034525299072265626
0.0177434504032135
-0.0009204179048538208
-0.0014419198036193849
0.048115378618240355
0.022884264588356018
-0.0008320480585098267
0.0076244592666625975
0.03021930456161499
0.013961982727050782
0.040504825115203855
0.030227461457252504
-0.09244792759418488
0.022762954235076904
0.02205561101436615
0.013605651259422303
-0.165427964925766
-0.10060899257659912
0.004820042848587036
0.022573205828666686
0.0018349051475524901
-0.05072176456451416
0.030877041816711425
0.02058972716331482
-0.08375415802001954
0.02517639398574829
0.08634688258171082
0.01985759437084198
-0.003736770153045654
0.055814620852470395
0.00457451343536377
0.01489255428314209
-0.04756860733032227
0.10292241275310517
-0.1452084183692932
-0.00011526644229888915
0.026837557554244995
0.01059819757938385
0.0001720607280731201
-0.05417786836624146
0.006237637996673584
0.00419045090675354
-0.09053591787815093
0.00010709762573242187
-0.024182215332984924
-0.007093903422355652
-0.008679452538490295
-0.03195280134677887
-0.20358523726463318
-0.008305159211158753
-0.06278072595596314
0.006510633230209351
0.023044493794441224
0.04303575754165649
0.007343024015426636
0.014258491992950439
0.016827240586280823
-0.10161957740783692
0.05600712299346924
-0.15834417641162873
0.06708887219429016
-0.0073527991771698
-0.004209005832672119
-0.1034292757511139
-0.05988494753837585
0.021734488010406495
0.000839698314666748
-0.1895153969526291
0.007876980304718017
0.02146439552307129
0.02090010643005371
-0.010171267390251159
-0.05116693079471588
0.005315130949020386
0.01674005389213562
0.03618140816688538
0.05070732533931732
-0.011357945203781129
0.018021249771118165
-0.11622057557106018
0.033184546232223514
0.09802325069904327
0.049834176898002625
0.16997109353542328
0.010441720485687256
0.01867271065711975
0.0225762814283371
-0.004765138030052185
0.03839079439640045
-0.008117574453353881
0.03575439751148224
0.004966449737548828
-0.08028707206249237
0.012239545583724976
-0.07982071936130523
-0.1391006588935852
0.04140653908252716
0.00959058403968811
0.08038299083709717
0.012874025106430053
-0.08318166434764862
-0.07910366058349609
0.0037019014358520507
-0.06856821775436402
-0.04998618066310882
-0.03566971123218536
-0.02474769055843353
0.00456230640411377
0.017788070440292358
0.14132889807224275
-0.03488895893096924
-0.06854110360145568
-0.020873239636421202
0.014361435174942016
0.0009608685970306397
0.044194355607032776
0.06047361493110657
0.000793159008026123
0.015695202350616454
0.02641451358795166
-0.09572469592094421
0.05501902997493744
0.07431261837482453
0.008073753118515015
-0.07582326531410218
-0.027107158303260805
0.009973040223121643
0.0030232399702072145
-0.08644149005413056
0.10014298558235168
0.00030122697353363037
0.003958383202552795
0.04634165167808533
-0.008592578768730163
-0.129301455616951
-0.0829076498746872
0.010074716806411744
0.00677897036075592
0.11057395040988922
-0.011748841404914856
0.07380130887031555
0.05741817951202392
-0.0043184757232666016
0.0007634878158569336
0.011340808868408204
-0.02893337607383728
-0.04936629235744476
0.056918483972549436
0.03656773269176483
0.03665762841701507
-0.02765926718711853
-0.07825450301170349
-0.06865201592445373
0.055803722143173216
0.06771498322486877
0.008119088411331177
-0.0035802751779556276
0.003945842385292053
0.04219313263893128
0.10418264269828796
0.051562952995300296
-0.09723919332027435
0.010632091760635376
0.02450815439224243
0.009940105676651
0.0029031872749328614
0.0991581916809082
0.007944262027740479
-0.018115326762199402
-0.0031426846981048584
-0.02015908658504486
-0.12090267837047577
0.07531800866127014
-0.02581784725189209
0.018077680468559267
-0.0005206137895584107
-0.0020278751850128173
0.008269301056861878
-0.004407796263694763
0.06773719191551208
0.0042664527893066405
0.0032049596309661867
0.05186675190925598
0.03192513883113861
0.08546175956726074
0.0011175930500030517
0.010970056056976318
0.009183388948440552
4.0072202682495114e-05
0.030577853322029114
0.01507037878036499
0.0972644954919815
-0.0016572058200836181
-0.00487208366394043
0.004968380928039551
0.021347242593765258
0.06075246930122376
-0.01062520444393158
0.002796483039855957
-0.03899637460708618
0.019404518604278564
-0.000796806812286377
0.016778430342674254
-0.0005909442901611328
-0.001955094933509827
-0.003102385997772217
0.04558547139167786
0.003299802541732788
-0.0011010468006134033
-0.002617904543876648
0.0247203528881073
0.005704224109649658
0.005528163909912109
0.06675121784210206
0.04254695773124695
0.033169686794281006
0.08752776980400086
-0.008433997631072998
-0.11780668497085571
0.06223844587802887
0.06449466943740845
0.035214340686798094
0.014142972230911256
0.015796476602554323
-0.0004060924053192139
0.06567133665084839
-0.02017267346382141
0.025646325945854188
0.008755940198898315
-0.07426290810108185
0.0402375340461731
-0.08828901648521423
0.0811352014541626
0.05074528455734253
-0.001843518018722534
0.012037283182144165
0.0174553781747818
0.08655847311019897
0.042605042457580566
0.015767383575439452
0.005588111281394958
-0.0064502149820327755
-0.004248666763305664
0.014423805475234985
0.005905318260192871
0.03615624904632568
-0.08766266107559204
0.029311990737915038
-0.01306302547454834
-0.0015769541263580323
0.03831903338432312
0.018564310669898988
0.0014398038387298585
0.028881856799125673
-0.0010645747184753417
0.01324089765548706
0.04902304708957672
0.02697247564792633
-0.013419505953788758
0.016381025314331055
0.005650857090950012
0.033696553111076354
0.0012142300605773927
0.04293250739574432
0.009032589197158814
0.030098399519920348
0.05639570951461792
0.036619356274604796
-0.014626088738441467
-0.05535942316055298
0.013277655839920044
0.009791958332061767
0.08358204364776611
0.0070991963148117065
0.002568763494491577
0.07603461146354676
0.02944745123386383
0.0017464637756347656
0.009410887956619263
-0.08404135406017303
0.010157239437103272
-0.19595910608768463
-0.0378699392080307
0.009536445140838623
