0.9784020793674908
-0.0012300025914785875
0.0013611044461857309
0.056887263061618204
0.010503592450311213
-0.05874024878175693
0.28813194220637156
0.15554066081059503
0.12178388824048463
0.925925028663589
0.32889703028437933
0.06385069305412867
0.8051684588305603
0.5218623270533131
0.3367966657723141
-16.540577711875123
0.5795999692780739
0.016122699916993482
0.029486266241766843
0.03695888858826963
-0.05698195082826481
0.3889850308939582
0.011991599592632374
0.13011757834974966
0.5305370987192433
-0.002695713199101696
-55.368827693749175
0.20946500524491346
0.34759005671211485
0.27936213969426416
0.04771918759066628
0.27231539214428857
0.8972740981591437
0.27325977008841135
0.05283237895278797
0.3323562050479748
-0.9999961605023387
0.0017908653328508246
-1.1740754988015143
0.09555259811356596
-0.10486682075298664
0.01594596668033518
0.282380907145064
-0.02497530476987715
0.4996269720375089
0.0390532311841509
0.0013862462260328411
0.07750297381784467
0.2558250458920545
0.2895485920965679
-0.018711223568542275
0.41838229403788135
0.308226470832887
-0.0003779817864189138
-22.616414525737067
0.20144633645356042
0.6621532754159968
0.3332783356637103
0.2926232780528422
0.6162667518059132
0.193057069277151
0.01799861299929436
0.40732018029776035
0.4538983604033165
-0.7906969368556491
1.0
0.4201772342992402
0.5452136872526411
0.5952763797842862
0.6993825342642015
0.3042556064491988
0.007820733734488588
-0.36480974003459354
0.33064900819935134
0.1739467838422333
0.5558613923939726
0.6251495545348428
0.4003466454246144
-0.4676692619895571
0.01282746516214603
-0.007980121681308947
1.0
0.5594510646559189
0.5161797147343206
0.5218415428655065
0.5045303691911728
0.2698369473403482
0.4748254067156259
0.43497320642912085
0.19884748110852554
0.03531134385006033
0.4353377852436718
0.5206416424525333
0.020160733273815606
-0.08107894796939286
0.014148515815587247
0.12253330133324485
1.0
0.48059601291024834
0.3546062904619535
0.00055070861826516
0.14246292223502982
-39.671998455137036
0.4444912891230295
0.04095984259438515
-1.1180094687261968
0.007318473816798968
-2.409122289578923
-1.1771291353677056
0.6343929064312067
0.6204467237123689
-0.24022801159997823
0.6287920700382679
0.20885877720334686
0.3651088881347046
-1.5621030795909059
0.00016493476959242442
0.3693275998443409
0.20958233385735608
-0.140739405457192
0.08243340511131653
0.41093374290801093
-0.007260080819336558
0.00814871096570684
0.005286809899007551
0.11272965026919496
0.001609198594417738
0.25474669812286016
-36.940614000529756
0.219753757406304
0.2289569605019711
0.008438580452244191
0.48163589620885383
0.0029750417749800813
0.5080976707344951
-0.02388487374484912
-0.38670719593785857
0.18305914341072393
-1.499925920416406
0.06827231142936181
0.537536386392927
-0.2080324667762097
0.003649875564636592
0.5734684021798019
0.029396799109926992
-0.3913740845195533
0.6046623843340015
0.34966652981329815
0.01719922346462915
0.013957922486573683
0.8687168288803925
0.5333715465180274
0.20207808996465984
-0.0563852728866624
0.5756586411819286
0.07998143975653127
0.044431938505184954
-0.6594027733087002
0.3151907140911585
0.6649278191683742
0.024454724148586817
0.39972570509396393
0.5660892352134671
0.11372511660943493
-24.419277731873233
0.39806854475477893
0.00021836813119448933
0.5074354306238656
0.2946431022158626
0.01053724636446563
0.2705775343934957
0.597431450775134
0.0028983276269462068
-1.017082506534502
0.34765786407539306
-0.3985026107671387
-0.02970710510191152
0.8522646720547419
0.5040092091902717
0.029839797863146857
0.43708751292241405
-1.0520631661087607
-7.034864770386157
0.445845107245226
0.003912912988117014
-5.976073833164715
0.541719196059127
0.2654001637245165
0.5302659845954195
0.38422728121893174
0.0022212137429448568
0.129044004109112
0.28545814344656806
-0.004818496388935003
0.08135417950300888
0.4856342483167235
0.24954274854380856
-0.7268944294750574
0.4600137140763903
0.6887783696672708
0.6255494486872862
-9.48957876769206
0.25812922296338114
0.025924228407155258
0.020850706531650814
0.7458320213899019
0.5240027692127108
0.7235121246064488
-0.06032290238204071
0.0003376749356690605
0.2304863808683849
0.02532348664160573
0.41793772831210535
0.2706868372879093
0.11228119782039092
0.013339651419745129
0.3809167250955334
0.5251593780167223
0.7881185034404663
0.3262176455640288
-0.49696667241379033
0.014409756249913185
0.022210020209996368
0.35755363694474107
0.010120424346016963
-0.6800445437399784
0.0016827389851582645
0.5086280615401911
-0.2751680899953778
-6.660050939066322
0.0008429575081616255
0.6486038353891563
0.9336918078750597
0.08377305149084278
0.00243182274943704
0.06591932951851402
0.026182547241564262
-21.826998335836016
0.004209743614495765
0.029548442382454593
0.30090620593308615
0.02224940216998767
1.0
0.00021373959876010284
0.48909182175864596
0.0045336871873324905
0.6219800863596835
-0.08072736495921606
0.478474928356262
0.06320057944351291
0.00133968799736246
-4.832159070884814
-0.37667293652104517
0.32850232168578875
0.8682711288584254
0.33642310235346073
0.20935966822272564
-0.09724795956612214
0.000893516522600909
-0.23717728742061783
0.10212513854737995
0.29244527045167923
0.18697483079152907
0.8340724843056188
0.013163906000866983
0.08184527873078448
0.4886982359502989
0.010165873296620257
0.06020364304890133
0.002299423855404425
0.3661752370386071
0.02240137403971246
-1.0538136269880052
0.3038289121227406
-0.7685817915874997
0.005003133118241326
-0.18876702953542213
0.05106784312186286
0.6582847714800083
0.08193898045253123
0.0016133154244814525
0.2780657531021104
0.006154557515752398
0.009367330981666469
0.43923119463233895
0.23629817139715675
-0.13696382519406491
0.491576863608036
0.15816315405047054
-0.08078606713021691
0.1325651340566891
0.37499922486201903
0.030518708325297995
-15.341193732760443
-0.0009886672043936473
0.010079022248181895
0.41259699695586877
0.6435933277194164
0.43146104158674364
0.2918462248468609
0.37000341423975464
0.2901651019817957
0.4059581032390808
0.6154905914770327
0.395456728235304
-2.3261254888894127
0.25914733030926185
0.00532384450450305
0.007794486822020551
0.3082274005831006
0.08492274822557436
-0.809502976891912
-0.10451293207406337
0.09188086841925444
-0.06328109094205936
0.23292223051312705
0.16049238328281043
0.07921179548335426
0.13251772951491664
0.0009046934373308703
0.5095888887196655
0.5034032009356387
0.2182163124720958
0.0030793740048292067
0.45713907335824766
0.4475971124817591
0.2510144554613714
0.6092125400445436
0.5022298021599955
0.37719587927511894
0.5287082631319103
0.02966595281693287
0.612393654664848
0.0013978308608555221
-0.5499849188336392
0.6334070039643314
-0.16858893580622533
0.7010987065340971
0.06018563749584641
1.0
0.11565375006672982
-0.38220528629358264
0.005682190104881338
0.6095863606278731
-0.010734414755002747
0.07881828187280027
0.4937468233533779
0.009984678196182891
0.48170457962104335
-7.727479452767456
0.8399568863442967
0.5154701753419718
0.3210375271262043
0.23001398659687142
0.3837824964669685
0.07097171425130577
-0.43067136859776345
0.7740963572931651
0.38389024775012726
0.02529526186324672
0.5343315764404195
0.5393679149049366
-44.7473845184764
0.0036826978651037273
0.00450430103094119
0.5729318163290479
0.004165563471040461
-0.8908437523462357
0.2310693193189695
-7.726377207666846
0.5621027464871327
0.5364795265332052
-0.04106180584263888
0.04363165987399029
-0.5065867685407823
0.26489943870366245
-0.12856862562879098
0.0025225965508613485
0.3083107228724738
0.2888008277040526
0.037273126711715766
0.010832882262732976
0.02498854536176507
0.03794662055584176
0.01267236643863015
0.5639605515786845
0.3344974707078607
0.2167680613410117
0.18512346783773148
0.6044673204759219
0.11232999121752886
0.5393896027807588
0.5165691562183232
0.6250389707550315
0.19354095044883105
-0.6807458214024699
0.01520723256787835
0.2826347320228556
0.28277108437431697
0.5416222537667423
0.0013811182542819973
0.28786188742009583
0.4144816183222227
-0.153668886845931
-0.008013443834148752
-0.4828531671678007
0.4557975248291775
1.0
0.02738291105305695
0.6739938293589388
-0.00042797541318147523
0.6609773085988876
-0.1517364687990463
0.043096583370170104
0.30111479817920883
0.05177072087167544
0.601551805297377
-0.3160103182565648
0.33667239004599325
1.0
-1.8293944119637486
0.0006580815160413196
0.2127865714346142
0.025701072923908132
0.5518090574488184
0.255534044141693
0.007112301260485936
0.0027214792710248984
0.014257879897571503
0.4294948006800951
0.1718303019736648
0.4944158852057049
0.366365204248445
0.0012888111612780826
0.0020072906658960654
0.003787329299917998
0.027020076397770272
-8.107545582952445
0.4161635363100145
-0.031310894458368654
0.0018162660495115411
0.6572346475850985
0.26265299151286087
0.5686132979636555
0.19257771961853404
0.04825770149716144
0.06866149640565523
0.3772362174928297
0.000988660971743629
0.33465046742124965
0.42627138583327284
-0.21110419896055294
0.5234787469983547
0.0030176192593286285
0.0020790462892756253
0.2430373929662077
-0.22790945776815366
0.005540379334669811
0.0035717369610809386
0.0159581302903604
0.38577935256847395
0.5351509813958149
-0.3170678474666445
0.0022057655356818168
0.26636218202855494
0.5394943093444972
0.011493340027246736
-0.0524536701156601
0.003413586137967908
0.04527205676226309
0.43445157003147195
0.2373486464040886
0.25426496205214744
0.3038868833525703
0.6018540782846398
-0.009189172790537672
0.13012936864480265
0.00034596831941048975
0.0137604246833123
-13.32729196536503
0.0022464756453886565
0.18050297101335164
0.3171401526346961
0.0009246103580442815
0.020892710190549554
0.7505015147519662
0.5935785581067915
0.7413127991704032
-0.5714024392369308
-0.3440061459718763
0.359971816212115
0.23336919192515038
-0.6624910829577203
0.2383986713423516
-0.07928912387127603
-0.7599848508414878
0.0042926007065715935
0.29134894679407036
0.007567314051671978
0.3784554113990883
0.02908992956530435
0.5195100448948964
0.01486473096208514
0.03924543309437223
0.6098893162733929
0.0019565153261291175
0.061353871120452715
0.17206332808503744
0.13891763571932114
0.2676832770199111
0.005643204922052477
0.0017122288943501895
0.13497984901733961
0.3789994463753362
0.708281813339195
0.5223377353464529
0.09660792686788414
0.00527282401899864
1.0
-0.8547375664052199
0.001242300761063912
-0.1504292005565916
0.005206981735915834
-0.0011251495264506769
0.002786007114061529
-0.03749126155698176
0.05225062259562083
0.03962017445836264
0.2694411780843659
0.00048392401881659975
0.06277951284322798
0.002376714903908597
-0.3790019894480752
0.0028348060194615604
0.00977199233140581
0.0002761321205307509
0.6838035819652434
4.004110962477853e-05
0.05655601542540918
0.2293325555128025
-3.3851650110967273
0.23165979253897845
0.012645416461110929
0.11364864892311549
0.5438383696393894
0.35504725738565945
0.0004894912230224767
0.008248792970433783
0.977360299826303
-1.1406678072955074
0.012799737168026902
0.2649816540127857
0.15265668545064057
0.5965133743795749
0.4824462125738465
0.04002653623367899
0.004300504115957152
0.007649742565311929
-0.06479820528254197
-0.014552825054950447
0.08884061557283943
0.0029451112051554155
-0.41261665137404785
0.000445297766507231
0.03254359333822023
0.005444692110730921
0.39977738325533696
0.2976376468462565
-0.1676751798903338
0.04424635747064908
-0.329830095363526
0.05101668419241241
-0.2080747284668226
0.5212195661453437
0.3296504571038865
0.002398079212471486
0.3941641883253432
-0.14231655368010615
0.05940820250723114
0.6709219124946912
-0.5924025274188894
0.010281964550988665
-0.24316158542377303
-0.9266796607307446
-0.39409575577943573
-0.0018024940538595214
0.4359392882056898
0.25810424332789694
0.013541577532831476
-0.4431834321114434
0.2643943026846492
0.45701464612703696
0.0025264421733300823
0.09141885406309104
0.5827950681914904
-4.369535073419057
0.28999487175788924
-0.7425160972847471
0.027466755804938583
0.4877185304413248
0.1627374760606798
0.04489651934547798
0.001094555064182566
0.26123895254634305
0.018511975864802518
0.589877054942818
0.0033892507834502716
0.0021109339836053705
0.0017965264664363406
0.5711262657562551
-0.004633285679800448
0.22247491305619826
0.020777790750992134
0.14173810381542418
0.5619052726523489
0.11230658304438333
-0.11686044329027939
0.2417940733233327
0.007941284623898225
0.007175561985824182
0.23212061822964467
0.32566378150908026
0.1840472827208515
0.2536189480276285
-0.0038046485111710463
1.0
0.27029845728375373
0.6520859995669298
0.03368952633712658
0.00042395274359088007
0.4778969291725537
0.31893574155899745
-1.0611433471878777
0.15092247333104755
0.5572329698813585
0.0016863155627382
0.010466759957766494
0.530779460482618
0.00025574735530434743
0.31410223653440955
0.05219996224423361
1.0
0.4706079792799512
0.05247122540711818
0.00937249568818956
-0.06846446565014226
-1.8347934653114586
0.1714043203864928
-0.4939403444363145
-0.016875978947919958
0.0367455557095909
0.0024126277556074127
0.023318377415482427
-0.8620373316747797
0.6354089976309767
0.048420880477280014
0.2602509146135778
0.45730471307189524
0.0005321184114059593
-0.1461623090436
0.4011652155333408
0.7078926448272664
0.004009031068498494
0.0007760348772686656
0.5230675528277734
0.5254797981668451
-0.22515411141853503
0.2227500943833591
0.037104261813878665
-0.15087641173695032
0.3408069543744923
0.2872690979121318
0.39616941130101657
0.007145319659321121
0.47019413266805904
0.3038588388088403
0.1190975057050494
-4.355857349397936
0.4036359205622945
0.27716397344261745
0.0679106339420083
-5.154749630233023
0.4340871655826791
-0.6450720311312419
-0.14675491582499117
0.6065877024584472
-0.09618776649560679
0.06661338013456018
0.0032202288263912353
-0.5699842729129055
-0.06060833634584545
-0.2781719465237601
0.4428430098118542
0.219349744871232
0.23622515081598186
0.0033083061307675535
0.23217986426380116
0.19796584772174503
0.016741995102921087
0.03246412039733545
0.6216261876085128
-0.03140176832810829
-0.9464150417352263
0.011580905594020518
0.001555655882733127
0.05237665663392501
-0.4086908167971797
0.023184418921901463
0.002084865485444736
0.25708882397918126
-0.0011250447797635141
0.3920235757436004
0.431036934152651
0.07660952420587219
0.4683559053300142
-15.601896386944205
-0.2867635539787204
0.6702723653897854
0.009953191565495996
1.0
-0.33555317164757076
-0.43528207817944997
-2.4377718149892815
0.00437211620280949
0.5148195433478011
0.2700768332898226
0.0688648237085829
0.008083734276647539
0.0009442328762132688
0.17326595740036127
-39.18360457480537
0.0012338715169895197
0.26770732641906425
0.39339823165405746
-2.538551831177885
0.023452688812419385
-0.0006521763336592339
-0.9677228907834887
0.001200347872345861
0.0012064536984534673
0.8064134034952615
0.3636710976479395
0.31647519888592507
0.6116570801560264
-1.69222047523105
-0.01122588828804517
0.5765698075512492
0.47033774472531403
0.023440122058345003
-0.14332949840887949
-0.04910169218249598
-0.013993480174824156
-0.00036409156021433074
0.4362478452021817
-0.09019163236622824
0.33991376884199154
0.6135003777387663
0.10970653573539531
-1.6080600105357403
0.10270561366342779
-0.1391443448973021
0.017758734760683785
0.00032165935120398106
0.018184210010941188
0.001107138226020599
0.017086195605943155
0.7637107127075153
-0.011218634025005808
-0.4339437377131955
0.5858181258992384
0.08348701419944334
0.004099270778269728
0.8412258844432611
0.34737150927375565
0.2941676805711156
0.3060681700892751
0.2730808538693771
0.008584207202158004
-0.03381457426794075
0.003323170971590868
0.001848390696449256
-0.41949439673467614
0.4438664256720409
0.43903908024345806
0.3351545784230613
0.5391150709630408
-0.12225068857580686
0.0016417794656578759
0.6054305847799094
0.3847557220574513
0.34869344364768834
0.3257432033614025
0.013249614051200412
0.31120047257916417
0.004344992701700086
0.05506486915939645
-0.0016736806501164159
0.40669021256343896
-1.1981148485119666
0.3294498095994433
0.0986976050791117
-1.0465692818877557
0.0368931034090005
-0.9950132754787256
0.04656467652641637
0.3953904497594899
0.03229234867573506
0.18255214590991253
0.028204957172380293
0.2942400880060565
-0.2947638942546566
0.0015010367664396922
0.5359269203704986
0.004050011060816082
0.0004129719204472499
0.08038058521581494
0.0027616351108184704
0.01731817381579239
0.12122600742485433
0.619767093426532
-0.030119157230733676
-0.013065184675004383
-0.010640366487790038
0.536414366283688
0.2831737371680691
0.034476407990001505
-0.5537656949663253
0.024645567442833086
0.8145464750332111
0.09882389635583658
0.3331097737541239
-0.50329322571726
0.0013167666963177513
0.24998278231672
0.022725265774240107
-0.0924289776394594
0.0032917950858143328
0.3726399463337082
0.3437939423575738
0.2986874138625096
-0.0056543711366209195
0.01266859327351431
0.0031662874392412656
0.01562493925805731
0.0320638630919995
0.59747358113225
-8.011329123474471
-0.538231474958965
0.003252942501105985
0.3303705492667359
-0.0014447943800893093
0.7136160603919889
0.4731786423091895
2.34505230884373e-05
0.010602047755056248
0.5577706014495075
-0.18169910171794837
-1.981904191783329
0.002377075530112805
0.3172316707103423
0.5401801854702531
0.28513069894134324
0.5092475527963045
0.1429479516604254
0.6309261688268417
-0.42736980455815704
0.6685343803047986
0.001319712310667006
0.5698166247861204
0.24709616998809827
0.07074598504246836
0.007533720841270999
0.5335831904187385
0.6516763623576196
0.21047399063780853
0.4179431755953516
0.0010537240196694534
0.017053260235914025
0.6349049391037445
0.02952088848519732
0.017360669716910287
0.4355463351517545
0.23009668820422383
-0.3154925986907668
-0.9407152451348536
0.04802705434442115
0.6340999824871494
0.4454400575370374
0.08472822881466985
-1.266097899338905
0.4560701010257168
0.616230811526559
0.020158706696018103
0.3093581431637491
-0.10502842213869654
0.03853139324053106
0.088982396022845
0.0036509527469245455
0.01131928440042797
0.0038420729877002495
-0.05473311173920167
0.04375099319373945
0.2826120915313252
-0.04100476301747272
-0.017731539519276238
0.03424310475488253
-0.24061066448654042
0.8271582528488065
-0.048085498493058924
0.0019258087460154877
0.3042242228982428
0.17281995478793344
-0.06346827727536275
0.005130713439604726
0.6066467926292624
-0.9408044625242935
0.03362201889434337
0.03231831833299953
-0.2126359367150038
0.5177506401722031
0.11365470497365031
0.16068393960024555
-0.06565081347820517
0.6461456073349238
0.0031707698626883083
0.002718005126675523
0.3286438127066418
0.5449970620743548
-1.100815335390461
0.09914215802390684
0.033478070766327056
0.003380477848585902
0.4678975129926932
0.5605176193026344
0.25123909398560784
0.6680091008825517
0.2545500471906962
0.07615560928058686
0.3735811946266867
0.00031448116854325886
0.3285370518230108
0.24059992840780997
0.003591897495792762
-0.006381532393555266
0.0027790679073686065
-0.003093254257944599
0.613873720534102
0.816144451919681
0.30919861834059736
0.9209136732345035
0.5581291584510878
0.6767222088035214
0.09486853327801219
0.020797317790486325
0.4641108476786035
0.37443125575107156
0.02933639474322612
0.02798767097052231
0.18596192724078045
0.00519003424628522
0.4001409106693575
0.015075344247356015
0.023510289763656246
0.0051403386395179615
0.47866104470195947
0.60342748163211
0.5108025478014983
-0.34497862773779026
0.2719762653778414
0.006289745407658361
-0.011589310655839213
-0.7687204611160116
0.013463620141714183
-0.7176974506454573
0.015802358182254065
0.004784996067891345
-0.8668592624710977
0.007619828482725967
0.09969167934564141
0.008940339384039115
0.5546483567372171
0.016821715647116143
0.42717866837848745
0.3727021673831086
0.04996292297737618
0.2517430385727741
0.0006716643380813869
0.010012120583512777
0.13345795304634378
0.0019882231302947684
0.06373575510190356
0.0038554377792612894
0.005093347868415663
0.40748828382749214
-0.1154024982594254
-1.7612365623322397
0.024241989790986768
0.0018369689688527606
0.01738022213760939
0.02244728873529096
0.002010195357988731
0.00721169107775992
-0.0702048679473142
-0.01702562837648193
0.5494004529013659
0.023924729876439385
0.3973095712576084
-1.0040388610801914
0.028413171668610394
-0.06699148077382909
0.08226170942061169
0.023373834444331356
0.0020233570448408094
0.5740333258957283
0.2849366472303048
0.12045111782963734
0.448967383515959
0.0001290247851620432
0.29873587376448124
0.0019372910826187942
0.03555414976315576
0.006203931761916565
0.31675504615512384
0.005019126726005873
0.0010838682412872595
1.0
0.31473195234583556
0.0061452072367521515
0.48338435106542066
0.005145786939775737
0.03109078356867032
0.1577515620940981
0.0018638014882985197
0.5307953702260024
-0.01721589365515399
0.030428073743022026
0.7782362837941911
0.004262593417622355
0.6712238901686828
-0.006661271585098496
-0.02617025792319201
0.11501041073337674
4.3541344041258544e-05
-0.047575026238091
0.005533663878522895
0.25920395009225655
0.007433617510035819
-0.08163061083103039
-3.0
0.005258362665612466
0.0017583721327418102
0.0005116646441004624
0.3312404789945369
0.007641794494201923
0.40357505083163664
0.7603614379477197
0.06801903993395289
-1.778690874676406
0.8962142346855901
0.550064902369939
0.00016146361955820724
0.007579930791050345
0.25320099850687816
0.8492714306840267
0.0019255164885303155
1.0
-0.22096927302919492
0.03707460276169092
0.0035351929557843175
-1.080155929594629
0.23433876605211554
0.08224771732964932
0.039607509588185943
0.4953490068238279
-0.4760931844952329
-0.5306847748846801
0.2121925750986655
0.4402106003243225
0.0007660699225517827
0.00362742944540675
0.001511975057620329
1.0
0.003290794884871811
0.6629323493943349
0.7178911658612405
-0.3691344033676606
0.49876219479453077
0.021333324399699954
0.027401418320345993
-0.11102928852199478
0.4119517389211145
0.0004134330029167998
0.459394999791295
0.002686270862235214
0.0013051084038971617
0.04479444878827217
-0.011138393832353558
0.00043482799991304433
0.0036704689036346607
0.08836899124025861
1.0
-0.0007566763332480719
0.004680442153925202
0.06939300010771955
0.5970419581986711
-0.19403621570566865
0.21047802837200788
-0.02316228180484953
0.32523777018790506
0.002781119236763583
0.5577444693963898
0.3123683983365485
0.02230963495891847
0.12267792411617012
0.3337994004756214
0.1891667888681556
0.9330037655054687
0.31249121994756773
0.0048218596315470095
0.030026136289936268
0.03274741845299267
0.42563440358315013
-0.02188816336564184
0.014818764368749895
0.6165569263652143
-2.134831245500716
-11.9415990485136
0.033657279797259625
-0.6231544199498209
0.4079623082808707
0.0015588919574852991
0.0050990555393361
0.0015243828699542529
0.009953700449223508
0.5955026219062335
0.03688187107477031
0.03380275882832725
0.6662936087643102
0.3524134820153646
0.027139742823470647
0.620192993185729
0.4832940719169616
0.49166324520488336
0.391738788198661
0.46935861957474956
-1.1388044636386945
0.11304850724059673
-0.7688843705992958
0.6336398013700024
0.413602549621897
0.025192166961248128
0.005073925015592813
0.4977141942366522
0.10499130779422858
0.1825992660112382
0.4678852352600914
-10.649673082758744
0.3209281793863944
-0.22119821423582153
0.00023713081533225478
-0.005064263469498868
0.0023003957130579428
0.01317568076790068
0.3960563076649102
0.6209350987791312
0.7345397605420476
0.2627299982142971
0.3039840059990823
-0.15078883529705053
0.21712324464674446
-0.014778971705210042
0.009027705557722176
0.009731052540246051
-0.0853419810942519
-0.001998804683555728
0.0004389704458566706
-1.0
-0.06737106072998433
0.49618745556929694
-4.96680303046086
0.10728639869309561
0.0708320022794715
-0.00773804651247942
0.41339623096758105
0.5658785649493957
0.6745758566821145
0.0035865351359614327
0.02102051085427819
0.6232864775402448
0.6167454116006552
4.966891776753196e-06
-0.37728241359974884
0.5374244830061622
0.322966083041836
0.25860624938043175
0.45184658310026204
0.00030940569675614725
0.0005557211471052311
0.1185388686955361
-0.05200860812757964
-0.0008168379772020249
0.00591528862961569
0.4642528081025834
-0.057005850120969564
-1.069954789101715
0.01868726437517073
0.0021503138917873177
0.5881583304885528
0.007179537292297123
0.006013414467129775
0.6172930986459709
-0.11142280079865666
0.35944202805464925
0.0033636655334843783
0.6248233654839527
-0.11749687494094346
0.5690431914960111
0.26118061954570576
0.571538277033038
0.5186212603529993
0.0008996159292622911
-0.8680007409872974
0.002448053393558758
0.37315373746516534
0.30625104832172384
0.0031966811230422854
0.017427428108697116
0.5121191037366006
0.00033706809031066595
-0.002167026388604196
0.012980923204354322
0.04746567483227515
-0.003809044645219593
0.5322665814819969
0.015216623755063463
-0.17937623423076776
-1.7147688232142058
0.2765555751392862
0.33066192823973917
0.00023991115936432535
0.026833082446182033
-0.3610455304290443
0.2415948623477054
0.32052999290638695
0.12054905814096671
0.004698218642736923
1.0
0.5046006744086182
0.29853317993667855
0.006499857049767243
0.0010217146578846254
0.0035637296193585157
0.02968299339232368
0.5572870698614009
0.013442730916467761
0.4531660859522136
-1.504689774712136
0.7616247009938014
-0.9825436183827096
-0.3088466429983454
-0.027344796724219515
0.007498496517161648
0.23186604249507825
0.3096338528387607
0.29536381359322295
0.01879165786960337
0.07409039102164082
0.005679223941852614
0.2561573815230669
-0.004883794540150362
0.02552996735213276
0.022180746740886877
0.281763182825145
0.6765096480831695
0.0017093169942760022
0.014759180919957393
0.7251066804414366
0.35854261385327685
-1.7816292146774948
-0.23648197558248948
0.4896881716494873
0.47608114404541135
0.26449677533823995
0.36054477310038296
0.2615511107070728
0.040305866398088225
-0.09378473140525041
0.2218525218959249
0.44388485160379104
0.028637318149592896
0.3526390657996442
0.4935526108777671
0.43562097322748894
0.34012785154561914
0.07310128795864893
1.0
0.2648414128871152
-0.25348934950426766
0.013558884238003865
0.3004668501196512
0.007660786134488635
-0.004522980520121565
0.5217630813554317
0.07500474481895061
0.0007004769316028537
0.5259666623036147
-0.37922188967114484
-0.0033073129391003246
0.3867952684410756
0.0015731511618760562
0.5829190753392792
0.32418275842680033
0.5589334390242009
0.2380056552914151
0.004002149474603236
0.07508431003278623
0.49302468562769525
0.280367767652822
0.49591687510756
0.009589034568537684
0.48118064112914277
0.018132860412501495
0.003953884464916848
0.7189176242856753
0.0016391015084723176
0.271749715853457
0.006162677443947269
0.25428947042191125
0.003122649415150445
0.03170288178128621
0.0205756029146889
-0.20861113446183277
-0.033775212963351134
0.6156896994042413
-0.03639996155502495
-0.10574998693264585
0.04695584991907925
0.0365696378545509
0.09908057189098762
0.4768336594262623
-0.21770419119342493
0.028565027592138366
0.0017831152792038823
0.6178239282494105
0.0008792758362300603
0.5266949041129938
0.5657047527720265
-19.67183558504412
0.3597050520335987
-1.6740441769447831
0.04614869433771472
0.1440226828869272
0.017600045512842583
0.03968267612951091
0.07268495579563992
0.3375132180345087
0.32601370690855336
0.0015267238504309095
0.03246128938173284
0.6145376986395502
0.3983167871051414
0.017578793838404983
0.002780113581192265
0.1545394635025878
0.0168941000547043
0.11769528933140436
0.016755576576680253
0.02677795929149437
0.36552528695301956
0.018436491002491534
0.4958834013910395
0.6605750348096409
0.00023660812023155217
0.0021757000163836557
0.4343082600189389
-0.38387613514040486
0.5376030961275532
0.3419334160659271
0.007621250986172281
0.03322676787311769
-0.3166376087624252
-0.6796038201084099
0.43080263751846914
0.7732234159389161
0.154994974354127
0.057220103676402144
0.003979478490211527
-0.03185793354182895
-0.4691049793937323
-0.024423103167759447
-5.5151334558691865
0.0012919612504994054
0.38998649721378326
0.5199884983994979
-0.009523917495616782
0.544288615248739
0.26987251197105655
1.0
0.3702269815020198
0.8168146078582431
0.0022619680598000356
0.010626985280721384
0.2627308670471099
0.27117954553747153
0.6575609212926773
0.2926399697824706
0.0011651813627357641
0.0038221429442891965
0.5936671692281199
0.001686029845630937
-1.176751740733983
0.6926801137011143
0.2914100836872314
-0.3110217052327068
0.043055779752474405
-0.00017151340858834185
-0.0011930599839265236
0.011213555179290268
0.0007112975042072667
0.003074231819707827
-0.2079132062670575
0.004187174233189655
0.34420316040358223
0.0035212020657655984
0.3778865183986551
-1.1545570867870718
0.00017088124506408004
0.3177878292027751
-1.996594281141037
0.07667233198847045
-1.2845991289306085
-0.07592679869553447
0.5951832059686686
0.006313330557835626
0.5389828683142195
0.00026594374691989777
0.5189042628363492
0.00451928130968705
0.6051350603637548
0.5101464999368658
0.3832717099841953
0.001903770651677162
0.1600211217051174
0.5953986278027852
-0.03354704351172823
0.5804682810042302
0.006776426253610399
-0.5773368659085267
0.022614318480967316
0.006830391609414223
-0.04695144630851966
0.30441226526599585
-0.04433649039025772
0.007900189703747116
0.7920922260910485
0.27481444591335785
0.18100925973078777
0.8690933132232174
-0.7258078513676997
-0.006282021735579471
0.6264388128313304
0.0021565656326686293
0.0033877307533194145
-0.03683346412848182
0.06534556850492677
0.8309233280242553
0.42741406455511904
0.6242353486597213
8.811605812932366e-05
0.0011846701356750182
0.04182076704121783
0.5148339255788812
0.12016867512062268
0.24910596274261382
0.0040899116530923795
0.3098730593896173
0.536741671475505
0.7441701944841169
0.40828312443516473
0.43524318147281676
0.4349384918901775
0.0
0.055761572344353416
0.03129703210554089
0.5258541791375014
0.5397057440156557
-0.0006206599867452137
0.10762359270858322
0.008323089699388884
0.7403100374800508
-3.998402580411638
0.3540569716718472
-2.564546562337116
0.014316629820046367
0.5707734191136965
0.41223117584376806
-3.3139723826111482
0.4947821562596484
-9.675737312999368
-1.1607001727400317
-0.5502101400492205
0.3419168718444109
0.5591016184425793
-0.00042845167039320817
0.026954575193506945
0.017324406492609058
0.0029222939745411664
-6.402069338883912
0.0007372893467962621
0.5648820431336968
0.543344644573483
0.2584306028624364
-0.20533661620184745
0.5868849017898417
0.4935295056690599
0.419795236827236
0.01429863877876969
0.001553173309788638
0.004046677880079343
0.6088037598480429
0.3808218503231299
-2.9253164214061105
-0.29772657796093677
0.0011265895708279987
0.33349233015529756
-0.012044331253420172
0.42660839967872743
-0.3151178944870042
0.3970506890471216
0.408438257854882
-0.13287480441556745
0.3033980229403906
0.6063672992140787
0.003043062473334029
-0.012375612787896931
0.45869075682631655
-0.027162094308424513
-0.8587681123219829
0.006444176897014444
0.6058957764615212
-0.020907047185402056
0.0035480671078164877
0.0135497912376418
0.00017052630742666285
0.26946062215443634
0.5684474031888388
0.621973255633967
0.39520476419731865
0.5125353212121175
0.3973203830787056
-0.7136726969233578
0.05074997323663749
-0.008569414501557598
-1.8115128704770618
0.002537463953567135
0.0031404591810631145
-0.00011801317733952749
0.035036454992899896
0.0013530424889436963
0.04737229882858782
-0.020259514498299033
-0.2587806310379891
0.029283146928268864
-0.0022434492076014653
-0.007832729131048825
0.0007993194273591801
0.20815308250845102
0.004510465965397511
0.37679570254374345
-0.2925517931565952
0.7317061125362241
0.15043757931301377
0.5176207246832806
0.181224094664162
0.0053305312383142775
0.5857649450770899
0.010715224056357608
0.35669800876585056
0.26906666445067223
0.2602721434375565
0.3287662761479382
0.6713618426793024
-0.8646333289422337
0.002366903689012807
0.5111416660994824
0.17563031763844567
0.5241293923056637
0.24207559710156587
0.0264704899884849
0.28556481356235697
0.37507913596648546
0.49693212792418284
0.35061816890273373
0.021512601585668457
0.18363337338152227
0.0005988381999303015
0.35182031250613477
0.0017785955386400896
0.4828709355442633
0.09992973609330259
0.3197083588363184
-1.7229999790443626
0.008769768288887541
0.34765343838030005
0.024211117473925584
0.5582446237352983
0.6547735646235072
0.019948907422583945
0.4029978873844203
0.444191214251508
0.2596481495193831
0.3540209310327008
0.6852462322803673
-3.1654399594821987
0.05106786057149578
0.3384839766352524
0.0023420044925416008
0.033190320399757785
0.04359501229274527
0.6137074252852587
0.029957412319020556
0.047257415520798714
1.0
0.2839095690759771
0.4957957269628139
0.014899680900305905
0.4346313815136631
0.011649020361168832
0.2956564300445992
-0.23741011793313394
0.0536147274750637
0.5170168455526318
0.13159315186610293
0.3070457799215663
0.15243162167645785
0.5567648014775936
0.6626064418514545
0.17500525610693085
-0.7954240013584948
0.24064952703447862
0.5151447308933935
-0.02800000061459579
0.3888991543454949
0.5839681954520022
0.37666272633956926
0.007945618605800394
0.02937136834005443
0.003951032599069551
0.26447666128462527
0.08614916405513877
0.30974437760195106
0.000277578760878591
0.13974124585004816
0.5003085332303859
0.5623384469164633
0.19626050388295355
-2.0000155823487615
0.48003404490299895
0.6162588729053952
0.4822729975106257
0.2763570357870771
0.7201151668936354
0.6303381190549827
0.037209874520918965
0.03443103668535775
0.0907004156406471
0.23426783636224627
0.557175080010129
0.010022089202237199
0.26601515566083994
0.28798902780836566
0.3630909237756763
0.6397017685870869
0.027092618914762175
0.10439308741490914
0.004269658665194442
0.01381632241349895
0.5992753300943154
0.1579346553738949
0.5782650586006212
0.39667268989890475
0.0010414728586239986
0.8224195008251598
0.05158359636146286
0.4173829247594297
0.03348082440083835
-0.8055323387272271
0.7170890449695473
0.015931479634759042
-0.8429489880786373
0.49351027158764305
0.021098669382445607
0.0006219644853103273
0.6142389648771666
0.46117354416037243
0.06833943126382205
0.4879750267566435
0.37906982411232815
0.18259168920969535
-0.09840171713088262
0.0018324204024092465
