-7.975101470947266e-05
0.49269652366638184
-0.0036326050758361816
0.019077539443969727
0.5614807605743408
0.4545604884624481
0.28691643476486206
0.0020684003829956055
0.0033043622970581055
0.12854841351509094
0.06637540459632874
0.29729920625686646
-0.8909579515457153
0.7767225503921509
0.03305947780609131
0.005894839763641357
0.10565996170043945
-0.005357980728149414
-0.2574042081832886
0.3170398771762848
-0.004231572151184082
-0.0027765631675720215
0.4682927429676056
0.00729745626449585
-0.005784332752227783
-0.008515655994415283
-0.8328329920768738
0.4447883367538452
0.0019211769104003906
0.00557023286819458
0.3733988106250763
0.004936516284942627
-0.1266876459121704
-0.0030014514923095703
0.003580152988433838
-0.8328329920768738
0.5968311429023743
0.040146052837371826
0.6825122833251953
-0.00010985136032104492
-0.004093647003173828
-0.4473963975906372
0.9443238973617554
0.002812206745147705
0.03233373165130615
0.0042951107025146484
0.2530629336833954
0.523760199546814
-0.4021356403827667
0.43976494669914246
0.0036259889602661133
0.524478554725647
0.12562346458435059
-0.05564701557159424
0.8126950860023499
-0.0006111860275268555
-0.4506725072860718
-0.11195528507232666
0.25057291984558105
-0.01322174072265625
0.018474340438842773
0.001771390438079834
0.27623170614242554
-0.179651141166687
0.09476405382156372
0.5158448219299316
0.5337269604206085
-0.5966833233833313
-0.1609242856502533
-0.06474179029464722
-0.02390289306640625
-0.9257930517196655
-0.027941644191741943
0.0559694766998291
0.0004971623420715332
-0.0748170018196106
0.08578282594680786
-0.8713290691375732
0.5001879036426544
0.37756893038749695
0.31116464734077454
0.054424166679382324
-0.006446421146392822
-0.08097058534622192
0.0007178187370300293
0.11970794200897217
0.5420218706130981
0.17248356342315674
-0.7423276305198669
-0.002493143081665039
0.009717583656311035
0.03398299217224121
0.20918753743171692
0.06365472078323364
-0.007691681385040283
-0.016205012798309326
-0.17278069257736206
0.00018215179443359375
-0.006024062633514404
-0.7775635123252869
0.001792311668395996
0.08341509103775024
0.3220072388648987
0.02725428342819214
-0.1213025450706482
0.004814267158508301
0.008325517177581787
-0.0906684398651123
0.01604938507080078
0.629560112953186
-0.011831939220428467
0.002469658851623535
0.02934819459915161
-0.4274576008319855
0.2953614592552185
0.0066567063331604
0.010364949703216553
-0.032206594944000244
-0.3324187994003296
0.003825247287750244
0.36068129539489746
0.0014148354530334473
0.0027480125427246094
-0.0014276504516601562
-0.016936898231506348
0.6763561964035034
0.011237263679504395
-0.00666433572769165
-0.0029358863830566406
-0.2362067699432373
0.0013914108276367188
-0.0011695623397827148
-0.29065364599227905
0.0022219419479370117
0.010910212993621826
0.0013899803161621094
-0.4759875237941742
-0.0036533474922180176
0.0009152889251708984
-0.013516783714294434
-0.002763807773590088
0.01093202829360962
-0.05157536268234253
0.32823678851127625
0.0017197132110595703
0.36215370893478394
0.0011905431747436523
-0.5546568632125854
0.29889115691185
0.3475365936756134
0.19062906503677368
0.4951370060443878
0.37813428044319153
-0.014529049396514893
0.45830249786376953
0.028160840272903442
0.7656238079071045
0.366230845451355
0.7868387699127197
0.09150660037994385
0.009745955467224121
0.7991129159927368
0.0008094310760498047
-0.002111673355102539
0.058658480644226074
0.006462395191192627
0.6631514430046082
-0.011917948722839355
0.580600917339325
0.012119889259338379
0.011744856834411621
0.007871568202972412
-0.7456226348876953
0.8041101694107056
-0.3244597315788269
-0.4675482213497162
0.7681160569190979
-0.0007140040397644043
0.8183513283729553
0.46197962760925293
0.040669918060302734
0.03321486711502075
0.37081336975097656
0.5711100697517395
-0.028202831745147705
0.031635940074920654
0.3471587896347046
-0.004016518592834473
0.0016942620277404785
-0.01939678192138672
0.6358632147312164
-0.011695444583892822
0.3708883225917816
0.05074077844619751
0.003786921501159668
0.020306169986724854
0.011365056037902832
0.6885624527931213
0.7345699667930603
0.012896180152893066
0.5307811498641968
0.020968973636627197
-0.006134986877441406
-0.002809286117553711
0.014848113059997559
0.3979852795600891
0.8226580619812012
0.042894959449768066
0.5448742210865021
0.3432319462299347
0.7343221306800842
-0.00858086347579956
-0.13272389769554138
0.009087443351745605
0.013297319412231445
0.5141063332557678
0.33061277866363525
-0.00045627355575561523
0.3690315783023834
0.27293676137924194
0.564184308052063
0.157615065574646
0.27790912985801697
-0.01878875494003296
0.9966139793395996
0.41201603412628174
0.8044911623001099
-0.04861992597579956
0.44708916544914246
0.002241671085357666
0.010866165161132812
0.6796707510948181
0.3173306882381439
0.6357847452163696
0.5462194681167603
-0.027958571910858154
0.4886270761489868
0.43341076374053955
0.42891716957092285
-0.9048162698745728
-0.8606741428375244
0.3622146248817444
0.28009116649627686
-0.007676541805267334
0.5845388174057007
-0.014486134052276611
-0.09642916917800903
0.03664731979370117
0.006370604038238525
-0.06975060701370239
-0.15288913249969482
0.022002071142196655
0.5491252839565277
0.0612453818321228
-0.035959482192993164
-0.8753963708877563
-0.20098471641540527
0.8291411995887756
0.33445701003074646
-0.4935135245323181
-0.9331400394439697
0.04730707406997681
-0.01056140661239624
0.618903398513794
0.11054348945617676
0.36037442088127136
0.007286190986633301
0.4400191903114319
-0.3726847767829895
0.419504851102829
0.11674249172210693
0.35133427381515503
-0.8496634364128113
-0.019183695316314697
-0.4772179424762726
0.7572163939476013
0.16694414615631104
0.7784436941146851
-0.012646853923797607
0.0030685067176818848
0.36878785490989685
0.29025596380233765
0.730543315410614
0.8555019497871399
0.576991617679596
0.5690769255161285
-0.07990485429763794
-0.1564725637435913
0.3908678889274597
0.7969024777412415
-0.03294539451599121
-0.071605384349823
0.12811189889907837
-0.7356833815574646
0.08040714263916016
-0.09839636087417603
0.213689923286438
0.09901571273803711
-0.5391489863395691
-0.02178192138671875
-0.27477356791496277
-0.02895212173461914
0.11767357587814331
0.8587980270385742
0.017982840538024902
-0.0166168212890625
0.06266921758651733
0.0005631446838378906
0.7270945906639099
-0.0003216266632080078
-0.021668195724487305
0.33466464281082153
0.8905401229858398
-0.01633286476135254
-0.32420772314071655
-0.03288239240646362
-0.06039494276046753
0.3715031147003174
-0.09711408615112305
0.0011965632438659668
0.08137273788452148
-0.8077998161315918
0.002181112766265869
0.6424989700317383
0.925593376159668
0.593629002571106
-0.8324127793312073
0.2862306833267212
-0.00826495885848999
0.8485278487205505
-0.8629499077796936
-0.02373814582824707
-0.899245023727417
-0.15917950868606567
-0.0033059120178222656
-0.6013075113296509
-0.043283671140670776
0.030634701251983643
0.0076007843017578125
0.6989104151725769
0.6928442716598511
-0.7356833815574646
0.011873185634613037
-0.037976861000061035
0.35809943079948425
-0.07220840454101562
-0.0447421669960022
0.5832406282424927
0.0010424256324768066
0.8809443712234497
0.8599294424057007
-0.2435196042060852
-0.5308918952941895
-0.2097693681716919
0.386888325214386
-0.009762227535247803
-0.019523322582244873
0.46163615584373474
0.593571662902832
0.696347177028656
-0.03681379556655884
-0.033764928579330444
0.008628308773040771
-0.9048162698745728
0.23243173956871033
0.7488037943840027
0.19910207390785217
-0.0031882524490356445
0.8239428997039795
-0.017817020416259766
0.28055986762046814
0.7918025851249695
0.02509254217147827
0.28198808431625366
-0.06131356954574585
-0.03404355049133301
0.18994301557540894
0.435104638338089
0.006177544593811035
-0.09496092796325684
0.01668834686279297
-1.0901669263839722
-0.018338918685913086
-0.18727391958236694
0.5439451336860657
0.3079456686973572
0.5466020703315735
-0.00042366981506347656
-0.21678584814071655
0.5148282647132874
-0.1228184700012207
0.6215822100639343
0.26415979862213135
0.05101364850997925
-0.016033589839935303
-0.34556373953819275
0.011479437351226807
-0.03071826696395874
0.022757351398468018
-0.03421676158905029
0.6458829045295715
0.3122406005859375
0.00013464689254760742
0.43466755747795105
-0.0022183656692504883
0.044154345989227295
-0.0025844573974609375
0.0342334508895874
0.3733355700969696
0.04141843318939209
0.21629959344863892
0.755520761013031
0.021291375160217285
0.003246009349822998
0.007835924625396729
0.09309905767440796
0.9651529788970947
0.03761851787567139
0.09356111288070679
0.01100015640258789
-0.03564494848251343
0.0011771321296691895
-0.4985453486442566
0.6598864197731018
0.5600683093070984
0.25608786940574646
0.007079601287841797
-0.1539163887500763
0.000697016716003418
0.6399883031845093
0.31030648946762085
-0.526016354560852
0.604544460773468
0.8551668524742126
0.6780638694763184
0.5650283694267273
0.04262387752532959
-0.8042169213294983
-0.32507336139678955
0.005828261375427246
0.24329113960266113
0.02862173318862915
0.7263573706150055
-0.4779980778694153
0.8851667046546936
-0.003510713577270508
0.8831033706665039
0.516585648059845
-0.014110267162322998
-0.0016728639602661133
0.554022490978241
-0.004408717155456543
0.02298736572265625
0.0056498050689697266
0.3280436396598816
-0.049307942390441895
0.019692182540893555
0.4294714629650116
0.7661550045013428
-0.14131325483322144
0.13655659556388855
-0.8497137427330017
0.001013338565826416
-0.4977389872074127
0.7281884551048279
0.37414708733558655
-0.0013514161109924316
0.4683026075363159
0.005355119705200195
-0.10802185535430908
0.8565853834152222
-0.024246573448181152
0.6076284646987915
0.6011670231819153
0.0847352147102356
-0.006555736064910889
-0.17301678657531738
0.7561717629432678
0.11023211479187012
0.33588600158691406
0.370134562253952
0.38512927293777466
0.7006840109825134
0.44386693835258484
-0.00229722261428833
0.4689342975616455
-0.16829615831375122
0.5808278620243073
-0.025369346141815186
0.7630404829978943
-0.05389779806137085
-0.0007600188255310059
0.5664772987365723
0.7429019212722778
0.8005428314208984
0.2878137230873108
0.21677273511886597
-0.09997600317001343
0.7089858055114746
-0.0006386041641235352
-0.02123844623565674
0.6638242602348328
0.3316951394081116
0.2782490849494934
0.5900036692619324
0.2957436740398407
-0.016417264938354492
0.7136780619621277
0.4718226194381714
0.6069639921188354
-0.012584805488586426
0.029968559741973877
0.2030695676803589
0.2938699424266815
-0.6300941109657288
0.5389127135276794
0.8407067656517029
0.34486308693885803
0.0007944703102111816
0.28070470690727234
0.08670204877853394
0.33081239461898804
0.7051529288291931
-0.29065364599227905
0.2394976019859314
0.022928059101104736
0.5033494234085083
0.0652170181274414
0.8269593119621277
0.30589255690574646
-0.09810930490493774
-0.14959502220153809
0.1611156463623047
0.0029491782188415527
-0.20295238494873047
0.5171130001544952
0.7221529483795166
0.003033757209777832
-0.011184871196746826
0.5592617392539978
-0.1193804144859314
0.012133002281188965
0.37295612692832947
0.008254468441009521
0.7074403762817383
0.5843387842178345
0.28894996643066406
0.040342628955841064
0.89098060131073
0.7554047703742981
0.34974026679992676
0.07183599472045898
0.2132246494293213
0.1360546350479126
-0.014733493328094482
0.7583326697349548
0.02631896734237671
0.34354424476623535
0.009376883506774902
-0.12172824144363403
0.20990526676177979
0.46986904740333557
0.016128718852996826
0.05778324604034424
0.05865126848220825
-0.10700011253356934
0.5207518041133881
0.050804078578948975
0.42930322885513306
0.4149245023727417
0.8364061117172241
0.6534310579299927
0.055525779724121094
0.6945211887359619
-0.4758119583129883
-0.14618134498596191
0.049583494663238525
-0.7874842882156372
-0.20775502920150757
0.342980295419693
0.14977625012397766
-0.29335564374923706
0.592785120010376
-0.011220574378967285
0.34750130772590637
0.6512336730957031
0.3171187937259674
-0.0060405731201171875
-0.2900521457195282
0.052086710929870605
0.6491016149520874
0.0009982585906982422
0.033448994159698486
0.42469486594200134
0.6983196139335632
-0.011609673500061035
-0.7376585006713867
-0.0036554336547851562
0.002827465534210205
-0.0850939154624939
0.6941556930541992
0.5773013234138489
0.045699357986450195
0.001817941665649414
-0.08299708366394043
-0.2493644654750824
0.6625524163246155
0.6697990894317627
0.11363023519515991
0.5269494652748108
0.2205912470817566
0.7878077626228333
0.0559840202331543
0.35548076033592224
0.2465776801109314
0.5727023482322693
0.6175628900527954
-0.33747994899749756
0.7520841956138611
-0.4506725072860718
0.09656119346618652
0.0640953779220581
-0.15407204627990723
0.017338991165161133
-0.03069669008255005
0.458886057138443
0.33140578866004944
0.4230373203754425
0.15680921077728271
0.4252413213253021
-0.007406771183013916
-0.003657519817352295
0.40202170610427856
0.2428557276725769
0.8141131401062012
-0.013109207153320312
0.4372132420539856
0.6055825352668762
0.43724483251571655
-0.2107332944869995
0.70099276304245
0.1391271948814392
0.6795666813850403
0.11176127195358276
0.03207981586456299
0.8358594179153442
0.2884775400161743
-0.006959855556488037
0.7960945963859558
0.32566648721694946
0.008332133293151855
-0.02260500192642212
0.051167070865631104
0.017064452171325684
0.022910654544830322
0.6199829578399658
0.0064064860343933105
0.00491642951965332
0.583929181098938
0.018876314163208008
0.7050371766090393
0.40447115898132324
0.469936728477478
0.055551111698150635
0.44171589612960815
0.45252466201782227
0.023875892162322998
-0.08753269910812378
0.004124343395233154
0.6975085139274597
0.6893115043640137
0.3002820312976837
0.006010651588439941
0.3799631893634796
0.2681081295013428
0.053367555141448975
0.5299193859100342
1.063348114490509
0.001629650592803955
0.6491076350212097
0.384319007396698
-0.2638687193393707
0.6512757539749146
0.6984001398086548
0.49484044313430786
0.2785278260707855
0.006891012191772461
0.009847819805145264
-0.526016354560852
0.6272138953208923
0.4766353368759155
-0.008984267711639404
0.3867642283439636
0.7863855957984924
0.37856537103652954
0.7000806927680969
0.5166970789432526
-0.19738119840621948
0.7712295055389404
-0.037504374980926514
0.04273158311843872
-0.23553848266601562
0.004814863204956055
-0.050877153873443604
-0.0018166303634643555
0.785578191280365
0.055483341217041016
0.3895316421985626
0.7642219662666321
-0.3384539783000946
0.8662339448928833
0.5590994358062744
0.7115749716758728
0.07994717359542847
0.8454914093017578
0.3238281309604645
0.7376384735107422
0.5977043211460114
0.021615028381347656
0.016272544860839844
-0.005966484546661377
0.4659459590911865
0.6823786497116089
0.30669865012168884
0.1420130431652069
0.0317462682723999
0.7005700469017029
0.031916677951812744
-0.0034339427947998047
-0.12094682455062866
0.04085040092468262
0.8913463950157166
0.3572338819503784
0.3562103509902954
0.00046646595001220703
0.8640273809432983
0.04600942134857178
0.6985923051834106
0.7798773646354675
0.5162474513053894
0.4411981403827667
0.14653784036636353
-0.003090083599090576
-0.01218956708908081
0.3179384469985962
0.6973631978034973
0.00029337406158447266
0.00832509994506836
0.04168310761451721
-0.09073466062545776
-0.0009101033210754395
0.024791955947875977
0.711162269115448
0.7056567072868347
-0.3205190598964691
-0.014455974102020264
0.00034695863723754883
0.006105244159698486
0.023715198040008545
0.7739683985710144
0.8384922742843628
0.005630761384963989
0.45033255219459534
0.28404659032821655
0.4807698726654053
-0.016024649143218994
0.7157672047615051
0.004029572010040283
0.013797283172607422
0.029649853706359863
-0.8497137427330017
0.7593958377838135
-0.8328329920768738
0.7080280184745789
0.729819655418396
0.7666367292404175
0.7838725447654724
0.26524418592453003
0.46663251519203186
0.34599560499191284
-0.2742552161216736
0.7228262424468994
0.11641860008239746
-0.05816757678985596
-0.7389875054359436
0.1516822874546051
0.5012099742889404
0.4276145398616791
0.002142488956451416
0.0016621947288513184
0.3939521312713623
0.48387759923934937
0.09353196620941162
-0.013018250465393066
0.47281739115715027
0.2722647786140442
0.4693206250667572
0.4221495985984802
0.7005399465560913
0.4177893102169037
0.013698816299438477
0.0038654208183288574
-0.0007370710372924805
-0.011238396167755127
0.5418387055397034
-0.0005050897598266602
-0.01675933599472046
0.052391231060028076
-0.005519211292266846
-0.7263672947883606
0.027070939540863037
0.5763847231864929
-0.14412564039230347
0.5269428491592407
-0.09925419092178345
0.6381934881210327
0.7212944030761719
-0.7356833815574646
0.01433795690536499
0.09654906392097473
0.22749999165534973
0.770997166633606
-0.014213323593139648
-0.2647724151611328
0.39229756593704224
-0.2906695008277893
0.811686635017395
-0.02005702257156372
-0.5158322155475616
0.723733127117157
-0.027731597423553467
-0.05442684888839722
0.5438392758369446
0.6616389155387878
0.007016777992248535
0.11466807126998901
0.5116611421108246
-0.8664635419845581
0.5495997667312622
0.6510426998138428
0.6315380930900574
0.01558452844619751
0.8190320134162903
0.01867273449897766
0.29532915353775024
0.005029201507568359
0.11964905261993408
0.5481336116790771
0.5045320391654968
-0.8328329920768738
0.7308844923973083
-0.006915628910064697
0.05365097522735596
0.30863702297210693
0.704982578754425
0.7860170602798462
0.33733096718788147
0.13808423280715942
0.3169337809085846
0.2564106583595276
0.016979515552520752
0.3317386209964752
0.6269797086715698
-0.011768996715545654
0.0007277727127075195
-0.023880422115325928
-0.2507800757884979
0.03139251470565796
0.662777841091156
0.74095219373703
0.3548370897769928
0.006414294242858887
0.4017152786254883
0.6091451644897461
-0.02553236484527588
-0.0028700530529022217
-0.02782618999481201
0.04272890090942383
0.017682909965515137
0.7786233425140381
0.6071163415908813
0.006450861692428589
0.7870424389839172
-0.0639997124671936
-0.010951578617095947
0.8207130432128906
0.06170254945755005
0.03377419710159302
0.6923730373382568
0.46993860602378845
0.463717520236969
0.4228728115558624
0.03894078731536865
0.02003955841064453
0.8388117551803589
0.434826523065567
0.0071485042572021484
-0.012745976448059082
0.7907118201255798
0.10119777917861938
0.36097022891044617
0.688743531703949
0.6719012260437012
0.09120988845825195
0.2765931189060211
0.7254299521446228
-0.0082816481590271
-0.32442089915275574
0.22719407081604004
0.01268070936203003
0.03279411792755127
0.587210476398468
-0.004659771919250488
-0.06542152166366577
-0.8497137427330017
0.08268165588378906
0.8427385091781616
0.648857593536377
0.6579679250717163
0.30393552780151367
0.06021755933761597
0.5148946344852448
0.014303982257843018
0.014119625091552734
-0.8664635419845581
0.05511361360549927
0.834749162197113
0.033972859382629395
0.4997773766517639
0.247941255569458
0.040267229080200195
0.016988694667816162
0.03974944353103638
0.49913257360458374
0.09534049034118652
0.2586018741130829
-0.21447384357452393
-0.029039740562438965
-0.25292012095451355
0.013409137725830078
0.48151594400405884
0.4740695059299469
0.617135763168335
0.7136436104774475
0.11643177270889282
0.3798784911632538
0.712862491607666
0.28320804238319397
0.01151806116104126
0.0020571351051330566
0.5541584491729736
0.008188366889953613
-0.004149973392486572
-0.09546411037445068
-0.007135272026062012
-0.014163613319396973
0.6673645973205566
0.7722133994102478
0.011283397674560547
0.06476593017578125
-7.56978988647461e-05
-0.07171565294265747
0.8436489105224609
0.040399134159088135
0.7366460561752319
0.5499278903007507
-0.017041504383087158
0.6731278300285339
0.014778614044189453
0.24119079113006592
0.05448424816131592
0.6810722947120667
0.7666217684745789
-0.00807034969329834
0.4331139624118805
0.012264549732208252
0.13993048667907715
-0.19272559881210327
-0.8497137427330017
0.10535824298858643
-0.00924307107925415
0.2137862741947174
-0.031618714332580566
-0.07539081573486328
0.5439471006393433
0.6225792765617371
0.46560046076774597
-0.002672910690307617
0.36405542492866516
0.0031224489212036133
0.5033426582813263
0.8127071857452393
0.5538182854652405
-0.008878588676452637
-0.002327144145965576
0.577720046043396
0.7588491439819336
-0.05094486474990845
0.8863582015037537
0.7453738451004028
0.008297145366668701
-0.9087887406349182
0.3354077935218811
0.5484693646430969
0.6970402598381042
0.3612905740737915
0.6459131240844727
0.35794007778167725
0.004600226879119873
0.7823871970176697
-0.0007411837577819824
0.16573065519332886
-0.07694798707962036
0.07943403720855713
0.7110477685928345
0.7833806276321411
-1.4781951904296875e-05
0.4529826045036316
0.5512505769729614
0.5100209414958954
0.2702215015888214
0.3277434706687927
0.853008508682251
0.7171392440795898
0.010972321033477783
0.8848013877868652
0.00568699836730957
0.6948259472846985
0.010957598686218262
0.2833695709705353
0.16867142915725708
0.0016734004020690918
0.00336378812789917
0.8502544164657593
0.02371978759765625
0.0033571720123291016
0.003483593463897705
-0.6520957350730896
0.5252291560173035
0.7992887496948242
-0.042387545108795166
0.3981413245201111
0.002823770046234131
0.7673189640045166
0.4551110863685608
0.8428202271461487
-0.005524575710296631
0.6997264623641968
0.7514444589614868
0.09101933240890503
0.03498616814613342
0.5497305393218994
0.65827476978302
0.02247929573059082
0.002469956874847412
0.4880097806453705
0.8643051981925964
0.602319598197937
0.5210461020469666
0.015660881996154785
0.7240458726882935
0.004378855228424072
0.02782350778579712
0.0021065473556518555
0.7394107580184937
0.5495895147323608
0.16231542825698853
0.46880125999450684
0.390950083732605
0.46429577469825745
-0.02391982078552246
0.2052815556526184
0.533761739730835
0.2988000214099884
0.7043421268463135
-0.7874842882156372
0.006030380725860596
0.0030217766761779785
0.019256293773651123
0.7117575407028198
-0.00817418098449707
0.0030856728553771973
0.009213507175445557
-0.3855352997779846
0.21235650777816772
0.49730902910232544
0.1003236174583435
-0.05239427089691162
0.9570267200469971
0.016265511512756348
0.5305240154266357
0.007526814937591553
0.04173755645751953
-0.0880003571510315
0.16887354850769043
-0.15703487396240234
0.5578808784484863
0.6266351342201233
0.000823974609375
0.0021690726280212402
0.6884618997573853
0.450431227684021
0.2071540653705597
0.09642976522445679
0.7941079139709473
0.016607999801635742
0.012317776679992676
0.0037023425102233887
0.00423508882522583
0.7597542405128479
-0.0029389262199401855
0.001999974250793457
0.19795095920562744
-0.0305292010307312
0.03987836837768555
0.45997774600982666
0.7948053479194641
0.004350841045379639
0.004448592662811279
0.0029547810554504395
0.6617066264152527
0.0026140213012695312
0.4835355877876282
0.6651768684387207
0.5589584708213806
0.5790999531745911
0.8239227533340454
0.1976858675479889
0.5841827988624573
0.34117576479911804
0.46605372428894043
-0.003260672092437744
-0.06968182325363159
0.35583966970443726
-0.04988861083984375
0.3706514835357666
0.4653872847557068
0.5841827094554901
0.52925044298172
0.3679656684398651
0.9176392555236816
0.032291412353515625
0.06289011240005493
0.029586493968963623
0.6675742864608765
0.02475970983505249
0.7227209210395813
-0.8328329920768738
0.027168691158294678
0.6612435579299927
-0.023478448390960693
0.7960106730461121
0.008074760437011719
0.032543063163757324
0.8167487382888794
0.5065228343009949
0.10205096006393433
0.015023350715637207
-0.02612835168838501
0.10643082857131958
-0.23449349403381348
0.37383565306663513
0.3426149785518646
-0.5107296705245972
0.0019006729125976562
0.15586203336715698
0.30701014399528503
0.2498835325241089
0.4181433618068695
0.5100463330745697
0.41904979944229126
0.058868587017059326
0.8773656487464905
0.46826988458633423
-0.015863478183746338
0.5019451379776001
0.6248739361763
-0.8664635419845581
0.05862069129943848
0.5629544258117676
0.016822755336761475
0.09861838817596436
0.003600895404815674
0.04037964344024658
-0.8660699725151062
-0.006509572267532349
0.7856824398040771
-0.0008446574211120605
0.7571939826011658
-0.2533200979232788
0.008970379829406738
0.541837751865387
0.7523871660232544
0.12442189455032349
0.3489086329936981
0.8918884992599487
0.46509698033332825
-0.020210981369018555
0.39879465103149414
0.47182297706604004
0.14886882901191711
0.005524754524230957
-0.024192512035369873
0.5122921168804169
0.013104379177093506
0.0004353523254394531
0.016489148139953613
-0.0009209513664245605
0.35665497183799744
-0.8497137427330017
0.7391663789749146
0.2038775086402893
0.3709425926208496
-0.7245650291442871
0.34423813223838806
0.28903138637542725
-0.03668159246444702
0.6930690407752991
-0.0026448965072631836
0.3428071141242981
0.7697099447250366
0.7013838887214661
-0.2694317698478699
-0.006534755229949951
0.3084407150745392
0.02412092685699463
0.4631645679473877
0.009155571460723877
0.08165991306304932
0.07779586315155029
0.00016385316848754883
0.35510584712028503
0.16362106800079346
0.7883879542350769
1.0836318731307983
0.4002249538898468
0.39321470260620117
0.6734704971313477
0.29399970173835754
0.738558828830719
-0.0013217926025390625
0.20326891541481018
0.3585018515586853
-0.02268087863922119
0.02472609281539917
0.0875360369682312
0.735549807548523
0.3497467041015625
0.6116127967834473
0.09130871295928955
0.6179795861244202
0.008188009262084961
0.44154244661331177
0.01354891061782837
-0.08536189794540405
0.4501168727874756
0.5535182356834412
0.7320282459259033
0.5892429947853088
0.3483288884162903
0.5742530524730682
-0.3298710584640503
-0.02440434694290161
0.053368210792541504
-0.7376585006713867
0.7138427495956421
0.6897155046463013
0.4132913649082184
0.04597330093383789
0.5390534996986389
0.3573077321052551
-0.7874842882156372
-0.011178553104400635
-0.04364943504333496
0.0646054744720459
0.037630319595336914
0.7435226440429688
0.026426255702972412
0.26077234745025635
0.048879027366638184
-0.319532573223114
-0.0833425521850586
0.29121965169906616
0.05315351486206055
0.016354680061340332
0.10844671726226807
0.5552266836166382
0.779025137424469
0.27582305669784546
0.8552765846252441
0.6601826548576355
-0.7608185410499573
-0.033384740352630615
-0.008232355117797852
0.029688596725463867
0.003430485725402832
-0.021695315837860107
0.3020744323730469
0.7492583990097046
-0.7472715973854065
0.8883348107337952
0.11523133516311646
0.4871508777141571
0.77205890417099
0.2393127977848053
0.8391814827919006
0.0019129514694213867
0.873468279838562
-0.00597989559173584
0.5659027695655823
0.030826210975646973
0.6873281598091125
0.8599638342857361
0.048471927642822266
-0.8042169213294983
1.0456483960151672
-0.0610426664352417
1.2095500826835632
0.45842111110687256
-0.8658713102340698
-0.4992711544036865
0.016387462615966797
0.02428281307220459
0.3209327459335327
0.608271062374115
-0.7472715973854065
0.196189284324646
0.5492933392524719
0.5302395820617676
0.005233883857727051
0.4068182408809662
0.019460022449493408
0.7581957578659058
0.030624568462371826
0.2581194043159485
0.2189856469631195
0.08113420009613037
0.6326070427894592
0.5330458879470825
0.002278268337249756
0.38660305738449097
0.0018019676208496094
0.21922630071640015
0.11421650648117065
-0.0039299726486206055
0.3824910819530487
0.002925574779510498
0.010652542114257812
0.7330508232116699
0.014680206775665283
0.5055364966392517
0.24576795101165771
0.2984830141067505
0.29458072781562805
0.5666068196296692
0.68332839012146
0.006929337978363037
-0.004570484161376953
0.8842456340789795
0.6916090846061707
0.16868004202842712
0.032330989837646484
0.027835190296173096
0.7572312951087952
0.017692208290100098
0.3403639495372772
0.31816980242729187
0.5870960354804993
-0.016375362873077393
0.7035895586013794
0.7634848356246948
0.7523144483566284
-0.01137453317642212
-0.03456008434295654
0.5469097793102264
0.5130240619182587
0.4850733280181885
-0.4005933701992035
-0.08088326454162598
0.5763072371482849
0.2630150318145752
0.655806303024292
0.5227065682411194
0.3572761118412018
0.5753827095031738
0.2683512568473816
0.7822403311729431
0.0016057491302490234
0.6676002740859985
0.000563502311706543
-0.5202514827251434
0.7559849619865417
-0.3205190598964691
0.9092763066291809
0.005427539348602295
0.6850224733352661
0.030857861042022705
0.4854941964149475
0.08117961883544922
-0.408990740776062
-0.37304604053497314
0.6157218813896179
0.2928538918495178
0.5435130596160889
0.4188605546951294
-0.07374325394630432
0.8410192728042603
0.35807135701179504
0.4087510406970978
-0.009876012802124023
0.26527613401412964
0.02570164203643799
-0.8497137427330017
0.12826362252235413
-0.4780474603176117
0.8586217761039734
-0.06544452905654907
0.9304406642913818
0.36043781042099
0.7682508826255798
0.7143429517745972
0.7155463099479675
0.5731024146080017
0.5126054883003235
0.1360909640789032
0.4230777621269226
0.006614983081817627
0.00896453857421875
0.49249792098999023
0.295655220746994
0.8117978572845459
-0.8664635419845581
0.5110958814620972
0.009802460670471191
-0.857591450214386
0.002545177936553955
-0.2764178216457367
0.28010138869285583
0.23759981989860535
-0.4030989408493042
0.45896220207214355
0.7419296503067017
-0.15520024299621582
0.4760160446166992
0.606452226638794
0.018736600875854492
0.6438428163528442
0.031284868717193604
0.18909001350402832
0.2997819185256958
0.6485035419464111
0.3768613636493683
-0.16141438484191895
0.48742756247520447
-0.07102876901626587
0.696109414100647
0.44893398880958557
0.10218584537506104
0.09166240692138672
0.8005920648574829
0.00767207145690918
0.02395731210708618
-0.0032385587692260742
0.2758549749851227
-0.0831708312034607
0.7819778919219971
-0.7177883386611938
0.2677290141582489
0.7952575087547302
-0.014812827110290527
-0.008820533752441406
0.3559666872024536
0.5660219192504883
0.3598315715789795
0.7120092511177063
0.14670607447624207
0.08273524045944214
0.4266432523727417
-0.21446114778518677
0.6561505198478699
9.059906005859375e-05
0.03503221273422241
0.08688408136367798
0.7536453306674957
0.002813398838043213
0.4180764853954315
0.2670131027698517
-0.018896400928497314
0.5472561120986938
-0.8658713102340698
0.5098136067390442
0.20625907182693481
0.34855636954307556
0.04409092664718628
0.45307251811027527
0.6446251273155212
0.6517572999000549
0.6081627011299133
0.4833293557167053
0.6159722208976746
0.611968457698822
0.17755764722824097
0.012078404426574707
-0.011304318904876709
-0.2748926281929016
0.8456032872200012
-0.15719538927078247
0.29640698432922363
-0.027585387229919434
0.8578106164932251
0.012097537517547607
0.011959195137023926
0.5704790949821472
0.7688136100769043
0.0018985867500305176
0.653176486492157
0.641877293586731
0.748548150062561
0.7846323251724243
0.08783930540084839
-0.18046587705612183
-0.05601096153259277
-0.007812023162841797
0.7759026885032654
0.44298413395881653
0.3815908432006836
0.6338923573493958
0.7145165801048279
-0.6805946230888367
0.37446337938308716
-0.8308312296867371
-0.6805946230888367
-0.7874842882156372
0.013942152261734009
0.1498783826828003
0.0134352445602417
0.07659775018692017
0.7456902861595154
0.8747038841247559
-0.03232353925704956
0.5249993801116943
-0.2720075845718384
0.40099984407424927
0.7424620389938354
0.4787634015083313
0.0021862387657165527
0.6949900388717651
-0.0032811760902404785
0.16967135667800903
0.45433473587036133
0.5488129258155823
0.3997756540775299
0.3327976167201996
0.8445982336997986
0.018872439861297607
0.8187942504882812
-0.005177974700927734
0.7734034061431885
0.48415982723236084
-0.37926673889160156
-0.0005484819412231445
-0.17118573188781738
0.14569145441055298
-0.17992621660232544
0.5132997334003448
0.7144656181335449
0.2930246591567993
0.15320193767547607
0.17335915565490723
0.014903724193572998
0.013598501682281494
0.5065886080265045
0.0038870573043823242
0.7475473880767822
0.2068725824356079
0.6738234758377075
0.09034615755081177
0.28553739190101624
-4.100799560546875e-05
-0.1973605751991272
-0.7177883386611938
0.5563440322875977
0.33056485652923584
-0.03589051961898804
0.6913720965385437
0.08600723743438721
0.7853765487670898
0.7396057844161987
0.3985714614391327
0.01469486951828003
0.6383467316627502
0.7681452035903931
0.4408486485481262
0.33798646926879883
0.35654324293136597
0.7696758508682251
0.7432958483695984
0.6279735565185547
0.24191778898239136
-0.03636068105697632
0.5121141970157623
0.3541021943092346
0.00873708724975586
0.5396235585212708
0.3023363947868347
0.7330024242401123
0.5430998206138611
0.8691611886024475
0.03045383095741272
0.28750649094581604
0.06433671712875366
0.31466567516326904
0.40243640542030334
0.41084322333335876
0.6292977929115295
0.011881530284881592
0.4062594175338745
-0.0012479424476623535
0.33117276430130005
-0.33745187520980835
0.8703750967979431
0.6625439524650574
0.3530811071395874
0.3422631621360779
0.5575274229049683
0.05332595109939575
0.3827660083770752
-0.4779980778694153
0.014410138130187988
0.07882750034332275
0.15417152643203735
0.3917020857334137
0.45498746633529663
0.29892805218696594
0.8000593781471252
1.1829559206962585
0.5213260650634766
0.5541365742683411
0.1999107003211975
0.17515328526496887
0.051527559757232666
-0.2884039282798767
0.07653859257698059
0.8643777370452881
0.05141177773475647
-0.1774599552154541
0.16326504945755005
0.027519941329956055
0.007077455520629883
0.3138619065284729
0.7453158497810364
0.27293193340301514
0.02628505229949951
0.281156450510025
0.30332276225090027
-0.01459890604019165
0.38564926385879517
0.4905347228050232
0.7546697854995728
0.4284593462944031
-0.26717835664749146
0.5345206260681152
-0.007812559604644775
0.4697186052799225
0.611168622970581
-0.027249932289123535
0.12271225452423096
-0.08206343650817871
-0.08051472902297974
0.0118941068649292
0.487743616104126
0.14168596267700195
0.023420214653015137
0.0033696889877319336
0.31178906559944153
-0.27385860681533813
0.002365589141845703
0.7986476421356201
0.00039643049240112305
0.6869264245033264
0.052617669105529785
0.014363229274749756
0.20059114694595337
0.4216660261154175
-0.28189319372177124
0.571360170841217
0.5735536813735962
0.3145356774330139
-0.12249007821083069
0.0011640191078186035
0.3983604609966278
0.6800451874732971
0.5865497589111328
-0.7608185410499573
0.02676248550415039
0.0027828216552734375
0.39439934492111206
0.6486586332321167
0.5733031034469604
0.011743128299713135
0.515807718038559
-0.022855937480926514
0.25097236037254333
0.4625430107116699
0.053136467933654785
0.8066470623016357
0.5137369632720947
0.006161332130432129
-0.04506349563598633
-0.0023387670516967773
-0.004404246807098389
0.014239847660064697
-0.05244359374046326
0.7048351764678955
0.010271191596984863
0.6901275515556335
0.300743043422699
0.383104145526886
0.7721565961837769
0.3491019010543823
0.01373147964477539
0.4872834086418152
0.8747400641441345
-0.12270402908325195
0.7791693210601807
-0.34829360246658325
0.4845370054244995
0.09859585762023926
-0.03485536575317383
0.4201664328575134
0.0007137060165405273
0.3704872727394104
0.25531959533691406
-0.005706191062927246
0.7725529074668884
-0.07576966285705566
0.00147169828414917
0.8252297043800354
0.014385461807250977
0.09171390533447266
0.08076292276382446
-0.8497137427330017
0.05515700578689575
0.2486022710800171
0.5001173615455627
-0.15766078233718872
-0.01022326946258545
0.6309365034103394
-0.0166051983833313
0.4273442029953003
0.5078555345535278
0.8509292006492615
-0.014261484146118164
0.7331604957580566
-0.6300941109657288
0.8557029962539673
0.055209338665008545
0.70263671875
-0.020199894905090332
0.6025905311107635
-0.02429938316345215
0.8225817084312439
0.6492758989334106
0.5283350944519043
0.4119715392589569
0.8553316593170166
-0.2880026698112488
0.11383819580078125
0.792866051197052
0.4515901207923889
0.6564767360687256
0.643317699432373
0.0032453536987304688
0.7299226522445679
0.6620577573776245
0.011708617210388184
-0.0032047629356384277
0.036416471004486084
0.8485485911369324
0.4423545002937317
0.2689144015312195
0.6453178524971008
0.028918087482452393
0.01939326524734497
0.7797733545303345
-0.24089562892913818
0.001358628273010254
0.8711416125297546
-0.05629253387451172
0.04163998365402222
0.0005393624305725098
0.9058661460876465
0.7632938027381897
-0.017310023307800293
-0.0274960994720459
-0.005607306957244873
0.0962708592414856
0.11159050464630127
0.03420192003250122
0.6730958819389343
0.11479419469833374
0.2733762562274933
0.007270693778991699
0.020402908325195312
0.012006402015686035
0.003156602382659912
-0.0574001669883728
0.8841499090194702
0.6519468426704407
0.1547139585018158
-0.7110590934753418
0.8528104424476624
0.6688123941421509
0.5694590508937836
0.333200067281723
0.021325290203094482
-0.0018331408500671387
0.01679062843322754
0.46283063292503357
0.4403039216995239
0.0002899169921875
0.012286067008972168
-1.9669532775878906e-06
0.012205123901367188
-0.16362032294273376
0.6812069416046143
0.053148865699768066
0.8163853287696838
-0.8573209643363953
0.36274421215057373
-0.09952890872955322
-0.0032311677932739258
0.6292178630828857
0.004097402095794678
0.08003628253936768
0.30187898874282837
0.6674208045005798
0.0004884004592895508
-0.05933964252471924
-0.7245650291442871
0.7807580828666687
0.42844346165657043
-0.0042122602462768555
0.002932310104370117
0.01729065179824829
0.7445909976959229
0.15894389152526855
0.6222323179244995
0.6252757906913757
-0.1023707389831543
0.6827301979064941
0.28960704803466797
0.6260002851486206
-0.5564095973968506
0.6741456985473633
-0.003255009651184082
0.8640058040618896
-0.26763710379600525
0.6785299181938171
0.3979990780353546
0.4486295282840729
0.4312358796596527
0.43301910161972046
0.45230209827423096
0.006778717041015625
0.7626460194587708
0.009597063064575195
0.012085437774658203
0.6587746739387512
-0.4992711544036865
0.06408005952835083
0.16657376289367676
0.3613506257534027
0.0014132857322692871
0.006300806999206543
0.03331249952316284
0.2666877508163452
0.0010845661163330078
-0.7623147964477539
-0.0008231401443481445
0.12767577171325684
0.2566860020160675
-0.6775620579719543
-0.2807183861732483
0.004013240337371826
0.01384037733078003
0.12135958671569824
0.8324211239814758
-0.77299565076828
0.030347049236297607
0.49398159980773926
0.601598858833313
0.6009392738342285
-0.2900521457195282
0.6951077580451965
0.7337459325790405
0.6431280374526978
0.6301088929176331
-0.008750468492507935
-0.015325009822845459
0.048798054456710815
0.7167832255363464
0.013755619525909424
0.2283436357975006
0.7691606283187866
-0.022082924842834473
0.736767053604126
0.47573113441467285
0.06638044118881226
0.5920270681381226
-0.015823006629943848
0.6210249066352844
0.024766743183135986
0.5594996809959412
0.4320288300514221
0.33266714215278625
0.4029429256916046
0.6844431757926941
0.6991136074066162
0.6499243974685669
0.004704535007476807
0.0003330111503601074
0.3207903504371643
0.7991408109664917
0.7762194871902466
0.10700720548629761
0.006980597972869873
-0.0024614334106445312
-0.0013118386268615723
0.02986353635787964
0.6179463267326355
0.7828654050827026
0.8293630480766296
-0.1688082218170166
0.8398616909980774
0.7641403079032898
0.5975948572158813
0.02712494134902954
0.7121850848197937
0.8428859114646912
-0.1734500527381897
0.48166635632514954
0.3736565113067627
0.5612394213676453
0.7384846210479736
0.6986484527587891
0.053895533084869385
0.7823538780212402
0.7660881876945496
0.8036134839057922
0.7247747778892517
0.29455360770225525
0.17449694871902466
0.4989096522331238
0.2308032512664795
0.0015763044357299805
0.3128376007080078
0.23194533586502075
0.3778427839279175
0.9939787089824677
0.24941027164459229
-0.2849249839782715
0.6394346356391907
-0.025695323944091797
-0.1386265754699707
0.09803521633148193
0.03467473387718201
0.5720702111721039
-0.001639246940612793
0.4034607708454132
0.34633058309555054
0.004865586757659912
0.04715818166732788
0.6700903177261353
0.007999002933502197
0.00604015588760376
0.4637543559074402
0.10887274146080017
0.007741987705230713
-0.7389875054359436
0.7718965113162994
0.2779585123062134
-0.3658232092857361
0.2630682587623596
0.7481656074523926
0.32037320733070374
-0.005332887172698975
0.5031694769859314
0.33123287558555603
0.02118968963623047
0.2727213501930237
0.40956538915634155
0.07787954807281494
0.7468757629394531
-0.011778414249420166
0.342120498418808
0.5209423899650574
-0.4398830533027649
0.455558180809021
1.050987720489502
0.7968072295188904
0.9974923431873322
0.005543947219848633
-0.44556358456611633
0.3600796163082123
-0.22177022695541382
0.3374151587486267
0.3042892813682556
0.6863663792610168
0.6851420998573303
0.0018273591995239258
0.821581244468689
0.3367147743701935
0.03322345018386841
0.07541513442993164
0.34263065457344055
-0.0021287202835083008
0.003378450870513916
0.001217186450958252
0.002098262310028076
0.3484334349632263
0.15445178747177124
0.34298932552337646
0.010155141353607178
0.32744699716567993
0.5586708188056946
-0.7608185410499573
-0.4779980778694153
0.36384978890419006
0.6095963716506958
0.5482487678527832
0.5259713530540466
0.738679826259613
0.4145687520503998
0.5522966980934143
0.7991173267364502
0.00856715440750122
0.6845942139625549
0.03634178638458252
0.6290130019187927
0.01540762186050415
0.15428251028060913
0.03672105073928833
-0.19173604249954224
0.7936186194419861
0.5071417987346649
0.0015221238136291504
0.0013453364372253418
0.6844186782836914
0.32856765389442444
0.3421826958656311
0.4830912947654724
-0.6253824830055237
0.6731976270675659
0.6410866379737854
0.49943968653678894
0.006188511848449707
0.2516542077064514
0.3126824200153351
0.7729620635509491
-0.15401846170425415
0.7613903880119324
-0.03042745590209961
0.8073962926864624
-0.7263672947883606
0.08169364929199219
0.029935717582702637
0.8673616051673889
0.33685606718063354
0.002451598644256592
0.029527008533477783
-0.2551347613334656
0.598284900188446
0.00029414892196655273
0.525225043296814
0.38385534286499023
0.5167030692100525
0.7517626285552979
0.09191510081291199
0.5297365188598633
0.28679049015045166
0.040049195289611816
0.0016013383865356445
0.30088555812835693
0.3072638511657715
0.005720615386962891
-0.08716237545013428
0.5616670250892639
0.6003481149673462
0.6866739392280579
0.006551623344421387
0.04080307483673096
0.03832152485847473
0.006752192974090576
0.004423797130584717
0.0035068392753601074
0.29947739839553833
0.7469584941864014
0.6037806868553162
0.007540285587310791
0.8522887825965881
-0.04863768815994263
-0.005377054214477539
0.7410232424736023
0.25826579332351685
0.11519083380699158
-0.2227417528629303
0.03325861692428589
-0.28632891178131104
0.37750428915023804
0.8229619264602661
0.7803055047988892
-0.014298498630523682
0.019745707511901855
0.6081225275993347
0.7433873414993286
0.7847911715507507
-0.20693963766098022
0.4936639368534088
0.2676038444042206
0.30789613723754883
5.996227264404297e-05
0.0376318097114563
-0.7472715973854065
0.018935203552246094
-0.17632272839546204
0.010000824928283691
0.052098095417022705
0.5692399740219116
0.21268361806869507
0.0018745660781860352
0.024634361267089844
0.02913200855255127
0.0016800761222839355
-0.00520014762878418
0.7086090445518494
0.39830222725868225
-0.3177497982978821
-0.2149733304977417
0.7778346538543701
0.02563953399658203
0.7582466006278992
0.6722045540809631
0.4079895317554474
0.3240686357021332
0.7174041867256165
0.024758875370025635
-0.12815344333648682
0.006102263927459717
0.3700111210346222
0.38901886343955994
0.36932173371315
0.007496535778045654
0.6878219246864319
-0.03888171911239624
-0.045576512813568115
0.0013050436973571777
0.4721033573150635
0.8090245127677917
1.0630077123641968
-0.399068146944046
0.8207318186759949
0.068417489528656
0.004716157913208008
0.9493502378463745
-0.32566502690315247
-0.7389875054359436
0.6363852024078369
-0.012520253658294678
0.6382516622543335
-0.0007477402687072754
0.8546105623245239
0.28285250067710876
-0.37214788794517517
0.00022029876708984375
0.7922040820121765
0.0021642446517944336
0.006685853004455566
0.3329995572566986
0.26451078057289124
-0.33955347537994385
0.7392400503158569
0.2657445967197418
0.9500463008880615
0.3248850703239441
0.012156248092651367
0.29242441058158875
0.0001131296157836914
0.7245489954948425
0.1853792369365692
0.18920797109603882
0.3596036732196808
0.8022016286849976
0.8636778593063354
0.07437586784362793
0.769103467464447
0.001193225383758545
0.5261359214782715
0.7698969841003418
0.43964385986328125
0.8165813088417053
0.4165717363357544
-0.07662272453308105
0.7831312417984009
0.016904175281524658
0.81423020362854
0.50497967004776
0.04196876287460327
0.059870749711990356
0.32547304034233093
0.8749717473983765
0.008256077766418457
-0.06988954544067383
0.7435967922210693
0.008529365062713623
0.6876339316368103
-0.4743107557296753
0.5925980806350708
0.2537568509578705
0.4380260407924652
0.26745033264160156
0.31248781085014343
0.4286052882671356
0.04381883144378662
0.3741462230682373
0.47834688425064087
0.03990650177001953
0.4353860318660736
-0.45982712507247925
0.32963210344314575
-0.024508237838745117
0.613512396812439
0.004808306694030762
0.288700133562088
0.7787901759147644
0.402204692363739
0.29070374369621277
0.8330792188644409
-0.22998258471488953
-0.006822049617767334
0.8703502416610718
0.37155067920684814
0.5602789521217346
-0.5707762539386749
-0.005612432956695557
0.10620236396789551
0.2860381007194519
0.47617828845977783
-0.04478329420089722
0.5462506413459778
-0.036398351192474365
0.4832060635089874
0.01574331521987915
0.009943962097167969
0.6056289672851562
-0.08652782440185547
0.314944326877594
-0.11915171146392822
-0.005443274974822998
0.3996008038520813
0.8351039886474609
0.6325907111167908
-0.045523226261138916
0.07426038384437561
0.6251734495162964
-0.04729664325714111
-0.017227590084075928
0.5873962640762329
0.3074265122413635
0.3745653033256531
0.003400266170501709
0.8513070344924927
0.5757163763046265
-0.7376585006713867
0.77299565076828
0.7500382661819458
-0.42403537034988403
0.027303218841552734
0.9206150770187378
0.5734721422195435
0.033702552318573
-0.00487208366394043
0.8101798892021179
0.5078780651092529
0.3256187438964844
0.02592015266418457
0.69997239112854
0.006800413131713867
-0.034564316272735596
-0.27131175994873047
1.0923058986663818
0.09890356659889221
0.5195861458778381
0.5955511331558228
0.013544559478759766
-0.13525143265724182
0.667190432548523
-0.3038751482963562
0.017519354820251465
0.8429579138755798
0.8706481456756592
-0.12371337413787842
-0.04249107837677002
0.03206413984298706
0.011638522148132324
0.6034044623374939
0.7666295170783997
0.001817941665649414
0.14868944883346558
0.005402922630310059
-0.16800159215927124
0.020827949047088623
0.01773446798324585
0.6142564415931702
0.015851378440856934
0.019263386726379395
0.01396256685256958
0.7638339400291443
0.05891662836074829
0.5834317207336426
0.5215724110603333
0.33936357498168945
-0.6805946230888367
0.6269139051437378
0.9827457070350647
0.7906693816184998
-0.0008013248443603516
0.030255675315856934
0.6194189190864563
0.7238472700119019
0.07304877042770386
0.3809608519077301
-0.40858858823776245
-0.02500617504119873
-0.06326347589492798
0.8450356423854828
0.03611326217651367
0.028448760509490967
0.6208357810974121
0.7759402990341187
-0.4747069180011749
0.8428633213043213
-0.6805946230888367
0.7410974502563477
0.6395396590232849
0.6126765608787537
-0.4779980778694153
0.6552456915378571
-0.8568801283836365
-0.8497137427330017
0.14959365129470825
-0.02596360445022583
0.02382493019104004
0.013315856456756592
-0.0017753839492797852
-0.009507238864898682
0.6272071003913879
0.6155957579612732
0.6317694187164307
-0.0038655996322631836
0.05119439959526062
-0.24634113907814026
-0.06628966331481934
-0.01492619514465332
0.6356959939002991
-0.03272920846939087
0.5325480103492737
0.7497926950454712
0.002248525619506836
0.35138875246047974
-0.058473050594329834
0.25778958201408386
0.04368537664413452
-0.0008255243301391602
0.6713795065879822
0.4753125309944153
0.4022839069366455
0.017890989780426025
0.008160054683685303
0.07099133729934692
-0.4298987090587616
0.7594923377037048
0.0539478063583374
0.2739189565181732
0.8078139424324036
-0.4325104057788849
-0.09551787376403809
0.8407309055328369
0.7507330179214478
0.1466989815235138
0.6077232956886292
0.26564615964889526
0.5163978040218353
0.6107746362686157
0.7218116521835327
0.7972386479377747
0.8825802803039551
0.7366258502006531
0.007765769958496094
0.5902305245399475
0.05956178903579712
-0.16171467304229736
0.4745565950870514
0.6913598775863647
0.594399631023407
0.31191015243530273
0.6054528057575226
0.6709818243980408
0.687351405620575
0.00869065523147583
0.0027860403060913086
0.784887969493866
0.03341412544250488
-0.013795852661132812
0.3033270835876465
0.5128873884677887
-0.04442030191421509
0.6558765172958374
0.028418421745300293
-0.012896060943603516
0.5487040281295776
1.2302195727825165
0.0013420581817626953
0.5161868333816528
-0.026190578937530518
-0.04863536357879639
0.016448020935058594
0.48307839035987854
-0.1420077681541443
0.736830472946167
0.42040759325027466
0.3804100453853607
0.40740033984184265
0.3449852764606476
0.40974119305610657
0.7344844341278076
0.1725873053073883
-0.014973223209381104
0.2601214051246643
0.461428701877594
-0.013264477252960205
0.7787340879440308
0.350026935338974
0.0023001432418823242
0.6740233302116394
0.6478844881057739
0.7004910111427307
0.05226325988769531
0.44683772325515747
0.6119856238365173
0.42141926288604736
0.05464160442352295
-0.012760400772094727
-0.0003796219825744629
0.34798288345336914
1.1261908113956451
-0.009297430515289307
0.43472689390182495
0.44434934854507446
0.4153209328651428
0.8414924740791321
-0.7389875054359436
0.6071590781211853
0.7611475586891174
-0.11789697408676147
0.0035036802291870117
-0.24181294441223145
0.41911107301712036
-0.02058231830596924
0.025732755661010742
0.7632280588150024
0.2409534454345703
0.7248108386993408
0.0774545669555664
0.45418083667755127
-0.0027074813842773438
0.5175436437129974
0.3639373779296875
-0.7472715973854065
-0.0024781227111816406
0.0559656023979187
-0.026610910892486572
-0.041767776012420654
0.5007830262184143
-0.12348476052284241
-0.06055957078933716
0.033436477184295654
0.3775867521762848
0.0016936063766479492
-0.1897621750831604
0.011093676090240479
0.10952728986740112
0.7849031090736389
0.019590377807617188
0.39672815799713135
-0.015944242477416992
-0.8497137427330017
0.7518184781074524
0.0035021305084228516
0.00038701295852661133
0.013781428337097168
0.9252856969833374
-0.07018846273422241
-0.7585043907165527
0.6822587251663208
-0.02393239736557007
0.2355671226978302
0.0020380020141601562
0.316142737865448
0.026771724224090576
0.05200183391571045
0.003313124179840088
0.7568284869194031
0.18569952249526978
0.5017204582691193
-0.0279807448387146
0.2652539312839508
0.057915329933166504
0.37796342372894287
-0.016122639179229736
-0.20877540111541748
0.04622727632522583
0.06150531768798828
0.6888391375541687
0.7142427563667297
0.7056801915168762
-0.016052842140197754
0.12662756443023682
0.8130119144916534
0.0036991238594055176
0.02279520034790039
0.668671041727066
0.006919443607330322
0.0003446340560913086
-0.01273190975189209
0.012967407703399658
0.7222338318824768
0.6086456179618835
0.010039746761322021
0.45364370942115784
0.001509249210357666
0.8394704461097717
0.6055693030357361
0.005529522895812988
0.05327516794204712
0.7290136218070984
0.5084213316440582
-0.03087794780731201
0.36479830741882324
-0.42403537034988403
0.26568710803985596
-0.07982295751571655
0.3266144096851349
0.8085306882858276
0.5324315428733826
0.825559675693512
0.7838965654373169
0.8211362361907959
-0.01754164695739746
0.038768649101257324
0.019012928009033203
0.6497555375099182
-0.26477789878845215
0.9306260347366333
-0.4580822288990021
-0.0048160552978515625
0.05374878644943237
0.0012998580932617188
0.637222945690155
-0.7263672947883606
0.4229001998901367
0.016142606735229492
0.5626826286315918
-0.00939720869064331
0.0026872754096984863
0.5197726488113403
-0.009329140186309814
0.07177400588989258
0.5128504931926727
0.6027976870536804
0.6168148517608643
0.8003974556922913
0.04238128662109375
0.7368128895759583
-0.002520442008972168
0.7613162994384766
0.8191590905189514
0.08012378215789795
0.6112028658390045
0.3451918065547943
0.5634800791740417
0.4180315136909485
-0.012660384178161621
-0.07892894744873047
0.4978700876235962
0.03898286819458008
-0.005962252616882324
0.07727891206741333
0.7243976593017578
0.3588230609893799
0.74953693151474
-0.3529488146305084
0.19995629787445068
-0.01861637830734253
0.08106929063796997
0.39645668864250183
-0.014773845672607422
0.03862851858139038
-0.6300941109657288
0.7165282368659973
0.013198792934417725
-0.02321988344192505
0.007290482521057129
0.5224915742874146
0.6429091095924377
0.643828272819519
0.3611575961112976
0.4343952238559723
0.6469634771347046
0.005675613880157471
0.7660260796546936
-0.00580596923828125
-0.7110590934753418
0.02641516923904419
0.7181428670883179
0.010422825813293457
-0.1938267946243286
-0.07898783683776855
0.687379002571106
0.07360506057739258
0.7008436322212219
0.7197445034980774
0.0027818679809570312
0.09349966049194336
0.5920699238777161
0.7802190780639648
0.41781115531921387
0.01711428165435791
-0.008657336235046387
0.48707589507102966
0.6402835249900818
0.4464605450630188
-0.002542734146118164
0.5093802213668823
-0.03538703918457031
0.0036299824714660645
0.44427961111068726
0.83077472448349
0.03398078680038452
-0.006790578365325928
-0.06753504276275635
0.6375489234924316
-0.06591498851776123
0.8092617988586426
0.0004143714904785156
-0.09402817487716675
0.6003791689872742
0.7027856111526489
0.008041441440582275
0.5907437801361084
0.5342625379562378
0.004733026027679443
-0.7110590934753418
0.5820466876029968
0.7024799585342407
0.48091793060302734
0.8529778718948364
0.7055936455726624
0.008724749088287354
1.0022885203361511
1.2186850309371948
0.4927275776863098
-0.29143136739730835
-0.004657149314880371
0.0013974905014038086
0.5356062650680542
0.3520667254924774
0.0686303973197937
0.623697817325592
0.7598258852958679
0.8202126026153564
0.5869108438491821
0.16294988989830017
0.08255082368850708
0.5802547335624695
-0.01901876926422119
0.8948602080345154
0.02692192792892456
-0.01086968183517456
0.6117309927940369
-0.0011571645736694336
0.7251893281936646
0.014286279678344727
0.645852267742157
0.14146274328231812
0.2816290855407715
0.48232603073120117
0.7879339456558228
0.2792169153690338
0.39910805225372314
0.6702628135681152
0.7441242337226868
0.19105985760688782
0.3002452552318573
0.05732160806655884
-0.024669528007507324
0.392432302236557
-0.008241534233093262
0.7749526500701904
0.5491513609886169
-0.42403537034988403
1.2206300497055054
0.04742628335952759
0.17688003182411194
-0.11774575710296631
0.3408468961715698
0.0012651681900024414
0.7988612055778503
0.008096396923065186
0.7108668684959412
0.8180958032608032
-0.013357877731323242
0.5192417502403259
-0.00946122407913208
0.3892331123352051
0.7844691276550293
0.8521528244018555
-0.05505579710006714
0.021740317344665527
0.6824987530708313
0.5630805790424347
0.5002333521842957
-0.0383991003036499
-0.5827549993991852
0.8492538332939148
0.5489341616630554
0.2127399444580078
-0.10726714134216309
0.02078467607498169
-0.006047070026397705
-0.09843426942825317
0.0013651251792907715
0.6648353934288025
0.27309444546699524
-0.43699872493743896
0.005524992942810059
0.008157610893249512
-0.03493398427963257
-0.03074091672897339
0.5900366306304932
0.5496317744255066
-0.03702288866043091
0.7415335178375244
0.8185337781906128
0.6603380441665649
-0.292418897151947
0.30765652656555176
-0.7423276305198669
0.018105626106262207
0.6121388077735901
-0.37748557329177856
-0.013631999492645264
-0.7389875054359436
-0.0035356879234313965
-0.7472715973854065
0.23505914211273193
0.6188555359840393
0.27380236983299255
0.7723598480224609
0.5009915828704834
0.7824573516845703
0.3246234059333801
0.03097069263458252
0.6545820236206055
0.008629441261291504
-0.30541539192199707
0.026398777961730957
0.7347427010536194
0.01206958293914795
0.07250118255615234
0.701249361038208
-0.7389875054359436
-0.016150057315826416
0.28732186555862427
0.4956796169281006
0.7255468964576721
-0.29820770025253296
0.1327301263809204
-0.0002384185791015625
0.0062424540519714355
0.8204663395881653
-0.005065560340881348
0.04206186532974243
0.7938573956489563
0.5758752226829529
0.024636507034301758
0.46738529205322266
0.6020289063453674
0.30631518363952637
-0.02948904037475586
0.4308575987815857
0.8011422753334045
-0.00039184093475341797
-0.7472715973854065
0.08552291989326477
0.39981409907341003
0.7884693145751953
0.06607186794281006
-0.7177883386611938
-0.00852656364440918
0.7140989899635315
0.003968715667724609
0.0012753009796142578
-0.029204964637756348
0.8074599504470825
0.001860499382019043
-0.0005218982696533203
0.39531153440475464
0.008201360702514648
-0.05156737565994263
1.0347288846969604
0.1508798897266388
0.44744032621383667
0.029393553733825684
0.7627942562103271
0.7757511138916016
0.014135360717773438
0.0565374493598938
0.03390812873840332
-0.4813104569911957
0.8878142833709717
-0.14395016431808472
-0.006594538688659668
-0.08189934492111206
0.03450310230255127
0.060814499855041504
0.016649842262268066
0.02458280324935913
0.012026071548461914
0.5251333713531494
0.1012728214263916
-0.004091501235961914
0.29947638511657715
0.5744219124317169
0.6455998420715332
0.03450518846511841
0.005284547805786133
0.5806606113910675
0.003912210464477539
-0.3577139377593994
0.5189759731292725
0.7480489015579224
0.6219717264175415
0.6596065759658813
0.638622522354126
0.42955416440963745
0.3085967004299164
0.015272021293640137
0.7364338040351868
0.176189124584198
0.3023248016834259
0.9245781302452087
0.0028346776962280273
0.3713294267654419
0.4661676585674286
-0.0030338168144226074
0.5008788704872131
0.7513585090637207
0.6234586238861084
0.4673144817352295
0.787263810634613
0.21340495347976685
0.25617745518684387
0.6165305972099304
0.5608022511005402
-0.16074183583259583
0.3406429886817932
0.6851953864097595
-0.2747153639793396
1.0473820567131042
0.8028667569160461
0.006660580635070801
0.45887792110443115
-0.12277567386627197
-0.03708851337432861
0.8071770668029785
0.7660167813301086
0.0019571781158447266
0.0722130537033081
0.8406386971473694
0.0010001063346862793
0.06785553693771362
0.1632353663444519
-0.11602121591567993
0.4411773085594177
-0.0418737530708313
-0.022259175777435303
-0.027358055114746094
0.2658537030220032
0.7455605864524841
-0.21623235940933228
0.013787448406219482
-0.04455065727233887
0.6463528871536255
-0.6253824830055237
0.43414440751075745
0.8638167381286621
0.46387815475463867
0.3431863784790039
0.44803285598754883
0.4817170202732086
0.3579021096229553
-0.027299225330352783
-0.007294058799743652
0.015597701072692871
0.01552128791809082
0.6628535389900208
0.2785365581512451
0.7504213452339172
0.6642884910106659
0.8625795841217041
0.06148377060890198
0.0509110689163208
-0.18491211533546448
0.6176683306694031
0.00046139955520629883
0.07462364435195923
0.2478436827659607
0.2515089213848114
0.34176284074783325
0.005025207996368408
0.7465408444404602
0.8150249719619751
0.003217637538909912
0.787180483341217
0.0007840394973754883
0.35675913095474243
0.0017981529235839844
0.5095754861831665
0.7132049798965454
0.6087482571601868
0.6939749717712402
0.012374520301818848
0.11049091815948486
0.3479190170764923
0.022960662841796875
-0.0015566349029541016
0.011210858821868896
0.011860966682434082
0.12992054224014282
0.2898002564907074
-0.03289341926574707
0.2827763855457306
0.5161495804786682
-0.003288745880126953
-0.04596763849258423
0.43787553906440735
0.6977323293685913
-0.02473539113998413
0.6282662749290466
0.8861702680587769
0.1185227632522583
0.82413250207901
0.700669527053833
0.7918826341629028
-0.15551027655601501
0.8079180121421814
-0.2641899585723877
-0.7245650291442871
0.0394253134727478
0.027445435523986816
0.07757937908172607
0.8305595517158508
0.32761186361312866
0.2666195034980774
0.01400381326675415
0.7058215141296387
-0.006791830062866211
0.1695389747619629
-0.42403537034988403
0.06137204170227051
0.4672250747680664
0.03227031230926514
0.0807332992553711
0.7696260809898376
0.05312693119049072
0.04199337959289551
0.5352469086647034
0.03261154890060425
0.8710007667541504
0.8647946715354919
0.03282052278518677
0.4083007872104645
0.7522655129432678
0.0007026791572570801
0.5406612753868103
0.03193223476409912
0.06039142608642578
0.07220715284347534
0.7257479429244995
0.023390471935272217
0.020255744457244873
0.003450930118560791
-0.09646576642990112
0.10597360134124756
0.02651679515838623
0.0012860894203186035
0.32154300808906555
0.2521607577800751
0.017863929271697998
0.7184085249900818
-0.12657397985458374
-0.7110590934753418
0.014692306518554688
0.02373182773590088
0.6912291049957275
0.8085917234420776
0.589529275894165
0.5511425137519836
0.33833837509155273
0.2490842342376709
0.34562429785728455
0.7086495161056519
0.6442915201187134
-0.0024809837341308594
0.025088906288146973
0.8798695206642151
0.0494922399520874
-0.37913191318511963
-0.0020747780799865723
0.7324357628822327
0.001766979694366455
0.08373221755027771
0.8093416094779968
-0.060427069664001465
-0.2145596742630005
0.7145331501960754
-0.04812812805175781
0.0059035420417785645
-0.23803049325942993
0.4917962849140167
0.011555910110473633
0.32078036665916443
0.4559164047241211
0.17503875494003296
-0.19829225540161133
0.43501487374305725
0.8651714324951172
0.6883974075317383
0.763601154088974
0.018258273601531982
-0.005359828472137451
0.0865626335144043
-0.03365045785903931
-0.6805946230888367
0.533748060464859
0.1143350899219513
0.6605866551399231
0.2877083122730255
0.6836390495300293
0.01299738883972168
0.7569890022277832
0.13149860501289368
-0.0038695931434631348
0.5167196094989777
-0.8497137427330017
0.35772114992141724
0.5556944012641907
0.7701740264892578
0.021344244480133057
0.015475153923034668
0.5531591773033142
0.3084476590156555
0.6009652614593506
-0.052467942237854004
0.04842221736907959
-0.008805811405181885
0.6698427796363831
0.4262385070323944
0.04578706622123718
0.3147262632846832
0.060476839542388916
0.21534618735313416
0.026254355907440186
0.5461249947547913
0.7033460140228271
0.018550097942352295
0.027217745780944824
0.4831186532974243
0.3734458386898041
0.007406651973724365
0.3353565037250519
-0.0033110976219177246
-0.006254255771636963
0.4380647838115692
0.0032740235328674316
-0.8497137427330017
0.7983894348144531
0.2828812003135681
0.6173454523086548
0.013114511966705322
0.6225323379039764
0.6642978191375732
0.30688905715942383
0.01048201322555542
0.3585989773273468
0.7274730801582336
-0.7245650291442871
0.3640398383140564
0.5966381430625916
-0.038043439388275146
0.8200783729553223
0.5160096287727356
0.5906166136264801
0.8859683275222778
0.007416903972625732
0.8463180661201477
0.39097392559051514
0.019024968147277832
0.3348539471626282
-0.0360446572303772
0.8618884086608887
-0.10493791103363037
0.5549056529998779
-0.35604870319366455
0.0018132925033569336
-0.7608185410499573
-0.002153754234313965
0.45259302854537964
0.4017528295516968
1.3435577154159546
-0.04394572973251343
0.03535604476928711
3.266334533691406e-05
0.6318104267120361
0.008766233921051025
0.5904490947723389
0.1357244849205017
0.7312393188476562
-0.0024679899215698242
0.14077502489089966
0.3932550251483917
0.017242252826690674
0.6657989025115967
0.8417235016822815
-0.004376411437988281
0.8007698655128479
-0.11625790596008301
-0.08582288026809692
0.0013431906700134277
-0.1295120120048523
-0.05464059114456177
0.272162526845932
0.6639022827148438
0.00048023462295532227
0.27481818199157715
0.482079416513443
0.31437066197395325
0.37361007928848267
0.0032023191452026367
0.5273754000663757
0.488052099943161
0.766741931438446
0.14846351742744446
0.022764384746551514
0.004787564277648926
0.4748106598854065
0.7530229687690735
-0.01104724407196045
0.002995431423187256
0.779766321182251
-0.0006326436996459961
-0.6775620579719543
0.3805108070373535
0.8616260290145874
0.3975234627723694
0.10400795936584473
0.5853818655014038
0.9259129762649536
0.6511656045913696
0.6906060576438904
0.031486332416534424
0.01596987247467041
0.006486952304840088
-0.04284626245498657
0.008638441562652588
0.03567647933959961
0.3514721393585205
0.41351747512817383
-0.0033051371574401855
0.8668477535247803
-0.05747783184051514
0.6267260313034058
-0.14443224668502808
0.7577805519104004
-0.007253706455230713
0.8763207793235779
0.04473823308944702
-0.16021883487701416
-0.0111960768699646
0.7931984663009644
0.5470185875892639
0.007385730743408203
0.016308367252349854
-0.06081879138946533
0.3398456275463104
-0.05119800567626953
0.4069616496562958
0.5527576804161072
0.0023633837699890137
0.027812421321868896
0.01738607883453369
0.010943412780761719
0.036351680755615234
0.8678354620933533
0.022782087326049805
0.4078670144081116
0.15988445281982422
0.46442875266075134
0.028910517692565918
0.6277740597724915
-0.12110260128974915
0.533696323633194
0.834967315196991
0.41459840536117554
-0.01885855197906494
0.01761084794998169
-0.1283954381942749
0.3560156226158142
0.042381227016448975
0.7177332043647766
-0.004329860210418701
0.3875294625759125
0.09074866771697998
0.04968905448913574
0.5199275016784668
0.01560753583908081
0.0014103055000305176
-0.0613863468170166
0.8836795687675476
0.7916220426559448
0.6326074600219727
-0.15223509073257446
-8.058547973632812e-05
0.5753706693649292
-0.008234918117523193
-0.44165724515914917
0.6337122321128845
0.6272527575492859
0.029461443424224854
0.12948113679885864
0.718639075756073
0.8058727383613586
-0.4985453486442566
-0.0165177583694458
0.7728018760681152
0.3134932518005371
0.30554988980293274
-0.11176806688308716
0.27529552578926086
0.02102571725845337
0.4409836232662201
0.17733818292617798
0.4381345510482788
0.025485992431640625
0.06429409980773926
0.9608504772186279
0.2703041136264801
0.7288159132003784
-0.3205190598964691
0.7230742573738098
0.8066557943820953
0.7685213088989258
0.46524810791015625
0.7717978954315186
0.6940580010414124
0.4622531235218048
0.9009763598442078
0.4048381447792053
0.006632387638092041
0.713472306728363
0.8690530061721802
0.3852986693382263
0.02074873447418213
0.9604264795780182
0.6680487990379333
-0.00873333215713501
-0.35184356570243835
0.07180583477020264
0.2709871828556061
0.01988685131072998
0.776966392993927
0.4773438572883606
-0.04437822103500366
0.654245913028717
0.043031007051467896
0.0012465119361877441
0.704927921295166
0.8058150410652161
0.7530451416969299
0.014483511447906494
0.7968907952308655
0.030059397220611572
0.2546342611312866
0.06693410873413086
0.4034872055053711
0.829060435295105
0.3727399706840515
0.26644277572631836
0.014324486255645752
0.37739819288253784
0.013506412506103516
0.06685954332351685
-0.009713470935821533
0.3753572702407837
0.23262083530426025
0.003932654857635498
0.2832736372947693
0.5376201272010803
-0.7608185410499573
0.024814605712890625
0.7773716449737549
0.013712048530578613
0.007118165493011475
0.5337601900100708
0.030588626861572266
0.8010345697402954
-0.07398998737335205
0.4624944031238556
-0.5482148230075836
0.023927152156829834
0.7726629376411438
-0.44686394929885864
0.28728121519088745
0.5264718532562256
0.00978630781173706
0.029505133628845215
0.5141241252422333
0.004398643970489502
0.014949202537536621
-0.29102426767349243
0.5091933012008667
0.028569042682647705
0.0044133663177490234
0.549866795539856
-0.8401516079902649
0.7154310345649719
0.6157752871513367
0.045719683170318604
-0.02444016933441162
0.030174672603607178
0.8636152148246765
0.7107717394828796
-0.8308312296867371
0.8863253593444824
0.006276249885559082
0.36317533254623413
0.46273931860923767
0.020434558391571045
0.7318705916404724
-0.0020948052406311035
0.014601945877075195
0.8376553058624268
-0.037262141704559326
0.2812141478061676
-0.013041913509368896
0.30441993474960327
-0.7874842882156372
0.00655817985534668
0.007990598678588867
0.0817597508430481
0.6751225590705872
0.41486629843711853
0.7147324085235596
0.023247122764587402
-0.11810082197189331
0.49976393580436707
0.07863917946815491
0.6432438492774963
-0.1923435926437378
0.7864012718200684
0.29749631881713867
0.7449504137039185
-0.05687880516052246
0.6298326849937439
-0.18188250064849854
0.602223813533783
-0.013879001140594482
0.4392579197883606
0.07884901762008667
0.7193818688392639
0.7596309781074524
-0.07916584610939026
0.8085420727729797
0.8455364108085632
0.029359102249145508
-0.07297790050506592
-0.8497137427330017
0.7220802903175354
-0.8658713102340698
0.0013360381126403809
0.6710888743400574
0.4240220785140991
-0.4440293312072754
0.7742438912391663
0.3779498040676117
0.020564377307891846
0.020521104335784912
-0.03168821334838867
0.0966925323009491
-0.7874842882156372
-0.37304604053497314
0.4159890413284302
0.5372892618179321
-0.036804139614105225
0.02821969985961914
-0.012227892875671387
0.2580777704715729
0.3009718358516693
-0.36467480659484863
0.18369236588478088
-0.0015024542808532715
0.01603558659553528
-0.2544638514518738
-0.016277551651000977
0.035613417625427246
0.09567034244537354
0.5553816854953766
-0.04552739858627319
0.6680430173873901
0.021767914295196533
0.009505629539489746
0.8110871911048889
0.4843865633010864
0.36791756749153137
0.27055302262306213
0.4010770618915558
0.021706700325012207
0.002993762493133545
-0.010940730571746826
0.0038077831268310547
0.7149249911308289
-0.007040739059448242
0.3095369338989258
1.0725597143173218
0.9447324872016907
0.4034488797187805
0.6639919877052307
0.32263559103012085
0.0014943480491638184
0.0022374987602233887
0.743350088596344
-0.6805946230888367
0.7763519287109375
-0.07575404644012451
-0.18217992782592773
-0.005427420139312744
-0.03916209936141968
0.646742582321167
0.016706228256225586
0.7191999554634094
0.01954430341720581
0.022034049034118652
-0.13869792222976685
0.6137085556983948
-0.22698259353637695
0.4563862085342407
0.7460387349128723
0.011341989040374756
0.031496524810791016
0.8870635032653809
-0.3766362965106964
0.0018978714942932129
0.7378720045089722
0.32963913679122925
0.4060536324977875
0.9652920961380005
0.5349348187446594
0.24898672103881836
0.003938794136047363
0.25763455033302307
0.6166895031929016
0.01723310351371765
0.5899385213851929
-0.01294243335723877
-0.010878682136535645
0.5516085624694824
-0.007391095161437988
-0.7177883386611938
0.2845720052719116
0.0055280327796936035
0.8828415274620056
0.6748127341270447
-0.029246270656585693
0.16301357746124268
0.7844078540802002
0.8281503319740295
0.05674177408218384
0.20068815350532532
-0.015168368816375732
0.8752252161502838
0.6259905397891998
-0.1334754228591919
0.45026832818984985
0.5215460658073425
0.4561564326286316
0.007740318775177002
0.7405519485473633
0.011925041675567627
0.001066744327545166
0.10583460330963135
0.005031108856201172
0.013893425464630127
-0.0684128999710083
0.7444983720779419
0.8497803807258606
-0.006913244724273682
0.04414808750152588
0.24112027883529663
0.6770644187927246
-0.7376585006713867
0.007882416248321533
0.014490842819213867
0.7705240845680237
0.744769811630249
-0.0013335943222045898
0.021088898181915283
0.4314693510532379
-0.048246026039123535
-0.8308312296867371
0.4451344609260559
0.4291441738605499
0.07645821571350098
0.8145984411239624
0.48055973649024963
0.28239989280700684
0.8358457684516907
0.02465149760246277
0.08042371273040771
0.48047909140586853
0.5459141135215759
-0.04343068599700928
0.017446398735046387
0.6153544783592224
0.06923085451126099
0.28894132375717163
0.7152564525604248
0.0009653568267822266
0.35674718022346497
0.438082218170166
0.004866063594818115
0.11343276500701904
-0.11773157119750977
-0.009846091270446777
0.01452934741973877
0.7807429432868958
0.052791059017181396
-0.056018710136413574
0.002014636993408203
0.2517129182815552
0.007989704608917236
0.8388065695762634
0.8821926712989807
0.7979828119277954
0.3523752987384796
0.3462389409542084
-0.0040329694747924805
0.014602363109588623
0.43062326312065125
0.014621615409851074
0.7790892720222473
0.5063963830471039
-0.3205190598964691
0.41573044657707214
0.017511188983917236
0.9217404127120972
0.7496964335441589
-0.621869683265686
0.7359335422515869
0.3297027349472046
0.696566641330719
0.0008060932159423828
0.37914136052131653
0.41145968437194824
-0.021517932415008545
-0.010413825511932373
0.6200993061065674
0.01102513074874878
0.33364495635032654
0.07258576154708862
0.30570048093795776
-0.7110590934753418
0.01872473955154419
0.6016523838043213
0.5049726665019989
0.45034414529800415
0.00791388750076294
0.12137651443481445
-0.2676125764846802
0.7515371441841125
-0.00014609098434448242
0.016496598720550537
0.7238668203353882
0.4294984042644501
0.8021917939186096
0.5072466135025024
0.7001861333847046
0.49965089559555054
0.6713326573371887
0.40176698565483093
0.5258038640022278
0.08396178483963013
0.13185113668441772
-0.01371920108795166
-0.3687232732772827
0.4855959415435791
1.2291958332061768
0.4768214523792267
0.25954124331474304
0.006544172763824463
0.23618751764297485
-0.009963452816009521
0.6862857937812805
0.7771196365356445
0.5477182865142822
0.6012741327285767
0.0032929182052612305
0.430183470249176
-0.007432043552398682
0.10310351848602295
0.6419477462768555
-0.08184814453125
0.08798402547836304
-3.0875205993652344e-05
-0.28936290740966797
0.0040239691734313965
0.025243520736694336
0.018066585063934326
-0.4992711544036865
0.013541042804718018
0.32009878754615784
-0.03190511465072632
0.28488555550575256
0.3262667655944824
0.8280705809593201
0.7881690859794617
-0.04802507162094116
-0.4985453486442566
0.006349682807922363
0.731458306312561
0.006424665451049805
0.7417420148849487
0.4528428018093109
0.0020030736923217773
-0.05314606428146362
-0.0010972023010253906
0.012814700603485107
0.7061459422111511
0.08574151992797852
0.00811755657196045
-0.04085737466812134
-0.09483814239501953
0.7985161542892456
0.009424448013305664
0.6205573976039886
0.8941534459590912
0.03909960389137268
-0.31684446334838867
0.35671839118003845
0.775307297706604
0.5180000066757202
-0.0032092928886413574
-0.28435444831848145
0.06341755390167236
0.8105902075767517
0.3328365385532379
0.3820492625236511
0.00017154216766357422
0.40572693943977356
0.3035537600517273
0.5613790154457092
-0.10316735506057739
-0.2815912365913391
0.396197110414505
0.7032627463340759
0.7851166725158691
0.09360426664352417
-0.03942131996154785
0.4442967176437378
0.19826194643974304
0.13864535093307495
-0.7376585006713867
0.5047793984413147
0.0015180706977844238
0.6458483934402466
0.0006111860275268555
0.029028713703155518
-0.4506725072860718
0.33071520924568176
0.07982897758483887
0.030134081840515137
-0.37754255533218384
0.7079079747200012
0.6718955039978027
0.3193301558494568
0.7504923939704895
0.008047699928283691
-0.005580484867095947
-0.2641899585723877
0.7274718880653381
0.07767283916473389
-0.01559746265411377
0.7587100863456726
0.6639469265937805
0.03902965784072876
0.7583138942718506
0.7198352217674255
0.31717953085899353
0.11137956380844116
-0.10364419221878052
0.02562856674194336
0.0008490681648254395
0.7662602663040161
0.5113454163074493
-0.006806015968322754
0.0022358298301696777
0.5889856815338135
0.027843177318572998
-0.027096986770629883
0.36782968044281006
0.7121443748474121
0.005550861358642578
0.7933878302574158
0.11309432983398438
0.6951232552528381
0.030690371990203857
-0.2687748670578003
0.7351612448692322
0.028734982013702393
0.3770618736743927
-0.0005335807800292969
0.18827658891677856
0.00889652967453003
0.39026379585266113
-0.0036419034004211426
0.6432152390480042
0.34999874234199524
0.8480043411254883
0.25086042284965515
0.0521087646484375
0.37807798385620117
0.32114967703819275
0.4050145745277405
-0.014347672462463379
0.6838032603263855
0.274312824010849
-0.4985453486442566
0.778097927570343
0.08749192953109741
0.2922914922237396
0.8292548060417175
0.7979038953781128
0.3673892319202423
0.06753665208816528
0.04986429214477539
0.7953417301177979
0.40216100215911865
0.6288448572158813
-0.012820065021514893
-0.00734257698059082
0.8812021017074585
0.3754936456680298
0.7287712693214417
0.7516860961914062
-0.2634136378765106
0.3862931728363037
0.06602209806442261
0.3641331195831299
-0.4506725072860718
0.08031517267227173
0.13506382703781128
-0.08332544565200806
0.9253295660018921
0.3269851505756378
0.24971789121627808
0.0018177628517150879
0.5893036127090454
0.6139805912971497
0.6138049960136414
0.7697995901107788
0.5309673845767975
0.31150534749031067
0.8539102077484131
0.3951411545276642
0.3862832188606262
0.796198844909668
0.4379453659057617
0.011179447174072266
-0.005579948425292969
0.8547102212905884
0.6208938956260681
0.661531925201416
-0.017278671264648438
0.727620542049408
0.4456784725189209
0.5124582946300507
0.3294913172721863
0.4893341064453125
0.7077686190605164
0.061633527278900146
0.7537558078765869
0.8163799047470093
-0.37304604053497314
0.0031180977821350098
0.049645841121673584
0.0516781210899353
-0.03891909122467041
-0.01623833179473877
-0.00122910737991333
0.427775114774704
0.4842602610588074
0.8385223746299744
0.8411319255828857
-0.019155919551849365
0.13748067617416382
0.15978330373764038
0.3678552806377411
0.006746172904968262
0.4813581109046936
0.1444757580757141
0.4363868236541748
0.26462534070014954
-0.0540429949760437
0.6509817838668823
0.6564636826515198
0.002748847007751465
0.0825493335723877
-0.006938517093658447
0.0017598271369934082
0.8272427916526794
0.8014923334121704
0.6261297464370728
0.0021637678146362305
0.7143084406852722
-0.44330868124961853
-0.003622889518737793
0.027288854122161865
0.7501030564308167
0.32700517773628235
0.8264596462249756
0.8242828249931335
0.3381669819355011
0.812893807888031
0.7803216576576233
0.3096287250518799
0.7916361093521118
0.04610258340835571
0.40377718210220337
0.004684269428253174
-0.004433035850524902
0.01957571506500244
-0.011901319026947021
0.4244195520877838
0.014770567417144775
-0.017335057258605957
0.5798518657684326
0.055879175662994385
0.24001222848892212
0.5620805025100708
0.039500415325164795
0.40993523597717285
0.4773904085159302
0.737069308757782
-0.006745517253875732
0.767269492149353
0.5000420808792114
0.07356679439544678
0.5869353711605072
-0.005246520042419434
0.2627745568752289
0.13454318046569824
-0.09471583366394043
0.7666459083557129
0.7280687689781189
0.5621335506439209
-0.5716043710708618
0.08268165588378906
-0.01577860116958618
0.6771019101142883
-0.015423893928527832
0.7383304238319397
0.8133344650268555
0.03306931257247925
-0.01602417230606079
0.2545631229877472
0.12539184093475342
0.0035276412963867188
0.09962821006774902
0.42885780334472656
0.78940349817276
-0.04874980449676514
-0.0048403143882751465
0.0235939621925354
0.38030532002449036
0.3941692113876343
0.23772332072257996
-0.055168092250823975
-0.2411380410194397
0.007010817527770996
-0.2671545147895813
0.40727758407592773
0.619011640548706
0.6784229874610901
0.009326517581939697
0.30930373072624207
0.07089805603027344
0.3418108820915222
-0.8497137427330017
0.5237340927124023
0.5272552967071533
0.2682739794254303
0.8770577907562256
-0.7245650291442871
0.016607165336608887
0.705532431602478
0.6486054062843323
0.6657320261001587
0.0505942702293396
0.7868396043777466
0.7597171664237976
-0.08864396810531616
-0.23706656694412231
0.611721932888031
0.6249057650566101
0.08873647451400757
-0.00595778226852417
0.004730403423309326
-0.4985453486442566
0.8744109272956848
0.14918750524520874
0.3731716275215149
0.5458750128746033
0.4119914472103119
0.8283871412277222
0.649634599685669
0.7033805251121521
0.48674413561820984
0.593544065952301
0.3890253007411957
0.6155431270599365
0.8120814561843872
-0.152866393327713
0.7139971852302551
0.004632711410522461
0.7364436984062195
-0.19306665658950806
-0.12391769886016846
0.43194448947906494
0.855290412902832
0.35805392265319824
0.30416393280029297
0.499610960483551
0.3698144257068634
-0.006652355194091797
0.005841493606567383
-0.004948914051055908
0.8302518725395203
0.7296738624572754
0.7119999527931213
0.015340149402618408
-0.18757909536361694
0.007957518100738525
0.672125369310379
0.8093200325965881
0.010615408420562744
-0.046278297901153564
0.8073564767837524
0.6375478506088257
-0.08141887187957764
-0.0004336833953857422
-0.37701523303985596
0.7602456212043762
0.06623584032058716
-0.005361974239349365
0.5922218561172485
0.24044647812843323
0.030321478843688965
0.6570944786071777
0.6447622776031494
0.18071937561035156
-0.12688595056533813
-0.06599640846252441
0.49687185883522034
0.40334343910217285
0.04643654823303223
0.5277060270309448
0.4465333819389343
0.0158236026763916
0.09410274028778076
-0.27209609746932983
0.0056095123291015625
0.588257908821106
0.6881948709487915
0.35436931252479553
-0.02380549907684326
0.5973778963088989
0.017020702362060547
0.38867437839508057
0.4545285105705261
0.02330493927001953
0.5248569846153259
0.7922455072402954
0.41114360094070435
0.005278110504150391
-0.0052637457847595215
0.14289116859436035
0.6526347398757935
-0.7110590934753418
0.005239665508270264
0.27576693892478943
0.6430600881576538
0.020600438117980957
0.7939600348472595
1.358885645866394
0.1162945032119751
0.49452129006385803
0.003359854221343994
-0.009249329566955566
-0.3369513750076294
0.9164856672286987
0.6120452284812927
-0.11031180620193481
0.8424502015113831
-0.526016354560852
-0.06470650434494019
0.6138404607772827
0.9464061856269836
0.8370242118835449
0.259995698928833
0.7643839716911316
0.48709431290626526
0.4228520095348358
0.7791747450828552
-0.15571027994155884
0.7558636665344238
0.8500856757164001
0.8361901640892029
0.07411384582519531
0.08904451131820679
-0.007642030715942383
0.5915536880493164
0.829306960105896
-0.16708844900131226
0.018970191478729248
0.004387319087982178
0.4754300117492676
0.00457310676574707
0.6704381704330444
0.030142664909362793
0.8510685563087463
0.34424087405204773
-0.16863888502120972
0.6842665076255798
0.6754654049873352
0.005773663520812988
0.5469158887863159
-0.023119211196899414
0.02926957607269287
-0.5610136389732361
0.055617332458496094
-0.2071303129196167
0.4900537133216858
0.0003299713134765625
0.3962920308113098
-0.27049654722213745
0.5757772922515869
0.006276726722717285
0.0009480118751525879
1.0379960536956787
0.738546222448349
-0.3646222651004791
0.0037699341773986816
-0.0006785988807678223
-0.7177883386611938
0.6894362568855286
0.4301404356956482
0.7793131470680237
0.8753987550735474
0.8309844732284546
1.003047525882721
0.30885425209999084
-0.04118853807449341
-0.4506725072860718
0.3792322874069214
-0.16957497596740723
0.8741929531097412
0.2692345976829529
0.8150755763053894
0.8384636640548706
0.01199042797088623
0.006390988826751709
0.6951539516448975
0.07317894697189331
0.5564479827880859
-0.05437523126602173
0.6553398966789246
0.003154575824737549
0.2623805105686188
0.4804404079914093
-0.44165724515914917
0.3730272948741913
0.3921607434749603
0.6471444964408875
0.39598971605300903
0.27046990394592285
0.3504798412322998
0.32957547903060913
-0.18504446744918823
0.5776607394218445
-0.017806172370910645
0.30744031071662903
0.3198540508747101
-0.3248103857040405
0.016155242919921875
0.41627442836761475
0.7470014095306396
0.014780759811401367
0.4937998354434967
0.6860136389732361
-0.0017383098602294922
0.7851786613464355
-0.011409580707550049
-0.0012328028678894043
0.6641419529914856
0.8094619512557983
-0.3568864166736603
0.053994715213775635
0.7303643226623535
0.025124311447143555
0.8457002341747284
0.6137374043464661
0.6779918074607849
0.31528332829475403
-0.05778965353965759
0.4807451069355011
0.4570842385292053
0.37411242723464966
0.7126506567001343
0.742229700088501
-0.05155599117279053
0.0020325779914855957
0.6652776002883911
0.02049940824508667
-0.7177883386611938
-0.7874842882156372
-0.023284912109375
0.055304527282714844
0.5230695009231567
0.024208903312683105
0.03852131962776184
0.709610641002655
-0.04496222734451294
0.6014149785041809
0.246088445186615
0.6921202540397644
-0.02388465404510498
-0.03747361898422241
0.11480426788330078
0.479216068983078
0.5401759147644043
0.08241081237792969
-0.061378419399261475
-0.07170385122299194
0.8246179223060608
0.8314474821090698
-0.8497137427330017
0.5505272150039673
0.053783416748046875
0.573905885219574
0.0023978352546691895
1.0202715992927551
0.46034494042396545
0.5596712529659271
0.7186243534088135
0.4220725893974304
0.6032899022102356
0.06203436851501465
0.8119674921035767
0.39482229948043823
0.01810145378112793
0.9715783298015594
-0.01502901315689087
0.638594925403595
-0.019288599491119385
0.021131575107574463
0.022101640701293945
0.7248782813549042
0.5162482857704163
0.025748908519744873
0.008224725723266602
0.822187602519989
-0.03121274709701538
0.5074116289615631
0.4839816689491272
0.20941704511642456
0.7810717821121216
0.009597599506378174
-0.07043188810348511
0.49781662225723267
0.32815322279930115
0.15259218215942383
0.07319605350494385
-0.030928313732147217
0.6521328091621399
0.013915956020355225
0.22750943899154663
0.6015304327011108
0.7178470492362976
0.020869314670562744
-0.3135538101196289
0.6383880972862244
0.06846386194229126
0.7687278985977173
0.22852125763893127
0.6630454659461975
0.6145396828651428
0.6252025961875916
-0.22619682550430298
-0.14446961879730225
0.6758696436882019
0.3612680733203888
-0.010449349880218506
0.8922549486160278
0.5310473442077637
0.02240610122680664
0.3924562633037567
0.45129820704460144
-0.016672492027282715
0.17667216062545776
0.4589087963104248
0.6624454259872437
0.7724629640579224
0.8529248237609863
0.23738956451416016
0.8350470662117004
0.5507382154464722
0.44774770736694336
0.647334098815918
0.0074468255043029785
0.7246213555335999
0.5730433464050293
-0.5392910838127136
0.05572926998138428
0.6811827421188354
0.09669512510299683
0.6474030017852783
0.63436359167099
0.6675183176994324
0.3727649450302124
-0.04336535930633545
0.8538115620613098
-0.18320351839065552
0.4200136363506317
-0.004627227783203125
0.4914831221103668
0.004726827144622803
-0.007142841815948486
0.877625048160553
0.38963812589645386
0.6471726894378662
0.6654375791549683
0.8263761401176453
-0.04433184862136841
0.796509325504303
-0.011651456356048584
0.8530218005180359
-0.7389875054359436
0.050638675689697266
-0.2641899585723877
0.6641364693641663
0.5535324215888977
0.0021803975105285645
0.5171478390693665
0.01865285634994507
-0.7608185410499573
0.42402392625808716
0.3429355025291443
0.7556883096694946
0.4388797879219055
0.8025110960006714
0.5112881064414978
0.10188859701156616
0.9100887775421143
0.7322372794151306
0.4741615653038025
-0.006986141204833984
-0.856762170791626
-0.6253824830055237
0.32119739055633545
0.42970582842826843
0.6749351024627686
0.20242249965667725
0.44451040029525757
-0.013053417205810547
-0.007786810398101807
0.5770043730735779
-0.31622087955474854
0.7307752370834351
0.1599329113960266
0.8574309945106506
0.004025638103485107
-0.0769890546798706
-0.014744043350219727
0.0308988094329834
0.017054259777069092
0.5919596552848816
0.45683130621910095
0.018504440784454346
0.7466051578521729
0.5067038834095001
0.4996696412563324
0.362151563167572
0.3711957037448883
0.6941211223602295
0.3824841380119324
0.04301244020462036
0.0428844690322876
0.6852819919586182
0.493666410446167
0.009754598140716553
0.323959618806839
0.06565183401107788
0.7615012526512146
0.6670230627059937
0.4770774841308594
0.062034785747528076
0.0012273788452148438
-0.05227470397949219
-0.14740657806396484
-0.43165984749794006
0.8426867127418518
0.7303478717803955
0.43178772926330566
0.059862732887268066
0.2634696960449219
-0.2505173087120056
-0.07254135608673096
0.7595486640930176
-0.015447258949279785
-0.2548353672027588
0.3754025399684906
0.0061737895011901855
0.549505889415741
-0.04596775770187378
0.48540881276130676
-0.6300941109657288
0.6812469363212585
-0.01712346076965332
0.9057552814483643
-0.15936952829360962
-0.2900521457195282
0.2789096236228943
0.6116003394126892
0.6959221363067627
0.5534377694129944
-0.010969221591949463
0.31605395674705505
0.627901017665863
0.008227229118347168
0.35686638951301575
0.4325016736984253
0.44627973437309265
-0.4985453486442566
-0.016659080982208252
0.3797638416290283
0.009298920631408691
0.42661207914352417
0.8761758208274841
-0.7585043907165527
0.05722928047180176
0.6062319874763489
0.6527512073516846
-0.8308312296867371
0.8609856963157654
0.39947235584259033
0.8871809244155884
0.42899054288864136
0.5193302929401398
0.7609146237373352
0.01655435562133789
0.07802614569664001
0.5540839731693268
0.03295767307281494
0.2990679144859314
0.6895252466201782
0.6240214705467224
-0.10675042867660522
-0.0009545683860778809
0.025507330894470215
0.6184303462505341
0.0007853507995605469
-0.009709417819976807
0.5572793483734131
0.5501129031181335
0.04750174283981323
-0.24818849563598633
0.9889232218265533
0.18968510627746582
0.0057337284088134766
0.15644481778144836
-0.28784626722335815
0.5132397413253784
0.28650963306427
0.03269457817077637
0.6249268651008606
0.048045814037323
0.6571633815765381
0.0244789719581604
0.7928944230079651
0.6999504566192627
0.0131339430809021
-0.621869683265686
0.07306075096130371
0.6689812541007996
0.7813000679016113
0.0764046311378479
0.016868948936462402
0.646557092666626
0.011307775974273682
0.5642882585525513
0.5492165088653564
0.5285682082176208
0.28091153502464294
0.9200085401535034
0.7964720129966736
0.7962611317634583
0.8581090569496155
0.16942888498306274
0.672310471534729
0.37636956572532654
0.7335072755813599
0.5280236601829529
0.02982473373413086
0.756632924079895
0.316495418548584
-0.0035338997840881348
0.6610234975814819
-0.2900521457195282
0.8793874979019165
0.82851243019104
-0.22936391830444336
0.012408733367919922
0.1569252610206604
0.00915682315826416
0.7661353349685669
0.5024766623973846
0.6539058685302734
-0.5817863047122955
0.7229443192481995
0.0600317120552063
0.6869677305221558
0.08144497871398926
0.7835404276847839
0.5579767823219299
-0.1546573042869568
0.3662739396095276
-0.27555444836616516
0.08114618062973022
0.4426722824573517
0.22105351090431213
0.6689379811286926
0.6466410756111145
-0.17221903800964355
0.8427397012710571
0.014796674251556396
-0.06763523817062378
-0.20763522386550903
-0.0032262206077575684
0.3305279612541199
0.7996691465377808
-0.06009000539779663
-0.030042171478271484
0.3965737819671631
-0.001779019832611084
0.6877134442329407
0.12010836601257324
0.3128749430179596
0.6163237690925598
0.021321475505828857
0.7979538440704346
0.5662136673927307
0.008181631565093994
0.4084591269493103
0.6552542746067047
0.7301680445671082
0.2104368805885315
0.0054495930671691895
0.16619938611984253
-0.7389875054359436
-0.004288196563720703
0.7515217661857605
-0.7472715973854065
0.7693115472793579
0.41200897097587585
0.0022172927856445312
-0.055857956409454346
-0.07213234901428223
0.6259343028068542
0.39839625358581543
0.705120861530304
0.00862818956375122
0.1925586462020874
0.7383425235748291
-0.05322408676147461
-0.2722894251346588
0.7240573167800903
0.5387086868286133
0.008569777011871338
0.46911102533340454
0.1344514787197113
0.750141978263855
0.6853510141372681
-0.5781921446323395
0.6318407654762268
0.28827521204948425
0.3755319118499756
1.0149646401405334
-0.005994439125061035
0.8049998879432678
0.848312258720398
0.7127826809883118
0.07443439960479736
0.4432238042354584
0.852433443069458
0.06699502468109131
0.35389867424964905
0.41901418566703796
-0.8497137427330017
0.839736819267273
0.03286540508270264
0.4161684513092041
0.011248648166656494
0.07523131370544434
0.6679526567459106
0.08875676989555359
0.2839597463607788
0.17851215600967407
0.7588480114936829
0.6122642159461975
0.39421916007995605
0.014124810695648193
0.7844354510307312
0.8225439190864563
0.4985957145690918
0.0008608102798461914
-0.7608185410499573
0.7698487639427185
0.7528514266014099
0.5211268365383148
0.018699288368225098
0.6432830095291138
-0.0011646151542663574
-0.00020241737365722656
0.3773013651371002
0.3855617642402649
-0.005348622798919678
-0.8308312296867371
0.6141255497932434
0.5362517833709717
0.4608379304409027
0.021557092666625977
-0.011385142803192139
0.2845878303050995
-0.5515175759792328
0.006413161754608154
0.6820189952850342
0.36389514803886414
0.012979984283447266
0.7856804132461548
0.0016633868217468262
0.5103698968887329
0.37914493680000305
0.865058183670044
0.535059005022049
0.24820837378501892
0.6760441064834595
0.04226958751678467
0.8251960277557373
0.5609563589096069
-0.017336606979370117
-0.8308312296867371
0.35962605476379395
-0.8497137427330017
0.7316771149635315
0.014225780963897705
0.4757196307182312
0.7858980894088745
0.5371538400650024
0.001427769660949707
0.2556479573249817
0.3846031725406647
0.013931095600128174
0.001895904541015625
0.017551064491271973
0.0422520637512207
-0.012342512607574463
0.7012938857078552
0.05332934856414795
0.009613633155822754
0.6955823302268982
0.4570954144001007
0.5459734797477722
0.05942046642303467
0.15310710668563843
0.5871967077255249
-0.11809396743774414
0.42993441224098206
0.01856321096420288
-0.8658713102340698
0.05993872880935669
0.6794105172157288
0.4924914836883545
-0.4779980778694153
0.5237212777137756
-0.8497137427330017
0.02995920181274414
-0.004521310329437256
0.037612080574035645
0.04155552387237549
-0.005180656909942627
0.017147302627563477
0.7395290732383728
0.6166077256202698
0.7782396078109741
0.30222198367118835
0.7951438426971436
0.3128321170806885
0.8316780924797058
0.05503547191619873
0.5234620571136475
0.7830187678337097
0.6440711617469788
0.8246921896934509
0.04432666301727295
0.06368392705917358
0.40835824608802795
-0.13607972860336304
0.6543510556221008
0.644804835319519
0.5466530323028564
0.015824735164642334
0.8223453164100647
0.0977783203125
-0.006894469261169434
-0.8568628430366516
0.024791628122329712
0.46023544669151306
0.34678953886032104
0.5014579892158508
-0.05361098051071167
0.014463543891906738
0.04377186298370361
0.8339272141456604
0.09274840354919434
0.29761189222335815
0.004470407962799072
0.07393842935562134
0.001987934112548828
-0.10166758298873901
0.7407389283180237
0.16885140538215637
0.2711096704006195
0.8174376487731934
0.13704133033752441
0.8155487179756165
0.6577982902526855
0.04555773735046387
-0.025169551372528076
0.0008321404457092285
-0.007380247116088867
0.4975769519805908
-0.003109455108642578
0.0564083456993103
0.8336595892906189
0.06498926877975464
0.8658254742622375
-0.7376585006713867
0.013258814811706543
0.005454063415527344
0.7610748410224915
0.7782017588615417
0.6646914482116699
0.12399691343307495
-0.0009569525718688965
-0.01890695095062256
0.0016612410545349121
0.07646936178207397
-0.7376585006713867
0.531335324048996
0.5580389499664307
0.15906813740730286
0.00031369924545288086
0.0284615159034729
0.0005197525024414062
-0.8497137427330017
0.6825805902481079
0.029633045196533203
-0.8497137427330017
0.21311110258102417
-0.0012903809547424316
0.01782017946243286
0.272330641746521
0.4766298532485962
0.07130730152130127
0.5942136645317078
0.7930072546005249
0.017384231090545654
0.3419927656650543
0.003646552562713623
-0.003984391689300537
0.1803472638130188
-0.014532744884490967
0.028531670570373535
0.2946119010448456
0.7935999631881714
-0.08206379413604736
0.41644588112831116
0.6963316798210144
0.3729751706123352
0.020975887775421143
0.03147149085998535
0.5573892593383789
0.7445327639579773
0.7851048111915588
0.5862604975700378
-0.04328423738479614
0.033212363719940186
0.33184176683425903
0.48966649174690247
0.014586329460144043
-0.09052389860153198
0.014782130718231201
0.001758277416229248
-0.014706909656524658
0.6980749368667603
0.8023202419281006
-0.0018143057823181152
-0.024170339107513428
0.8922227025032043
0.6593603491783142
1.0559943318367004
-0.6775620579719543
0.6534826755523682
0.6115640997886658
0.09600824117660522
0.5020921230316162
0.09781637787818909
0.1318833827972412
0.6236883401870728
0.35401657223701477
0.31698453426361084
0.6999993920326233
0.8861886262893677
0.03434109687805176
0.7826822996139526
0.44236016273498535
-0.33544012904167175
0.4778102934360504
0.13675522804260254
0.012022316455841064
-0.03508180379867554
0.7814131379127502
0.001680910587310791
0.11508440971374512
0.027414441108703613
0.7311808466911316
-0.2908279597759247
0.3789638876914978
0.22275838255882263
0.5433478355407715
4.0411949157714844e-05
0.33911052346229553
0.0651136040687561
0.4007798433303833
0.7383272647857666
0.019277334213256836
0.09121167659759521
0.01181042194366455
0.4773572087287903
0.033781588077545166
0.020728647708892822
0.8046318292617798
0.020312011241912842
0.053269803524017334
0.7560582160949707
0.4558486342430115
0.715358316898346
0.15370160341262817
0.12568476796150208
0.015207946300506592
0.7610449194908142
-0.1278313398361206
0.48432034254074097
0.17202147841453552
0.039404332637786865
0.21686115860939026
0.5357659459114075
0.005575954914093018
0.68193119764328
-0.07701092958450317
0.013873517513275146
0.7831348776817322
0.07802015542984009
0.06973022222518921
0.5686273276805878
0.02467942237854004
0.6966713666915894
0.49510425329208374
0.2829952538013458
0.465188592672348
0.8094412088394165
0.12157568335533142
0.011691063642501831
0.8220317363739014
-0.024985969066619873
0.0826905369758606
0.2753934860229492
0.45176246762275696
0.11506164073944092
0.04248851537704468
-0.0024199485778808594
0.2897777557373047
0.018647849559783936
0.5426943302154541
0.0034856796264648438
0.8178524374961853
0.7642567753791809
0.7904232144355774
0.025520920753479004
0.5551432371139526
0.620202898979187
0.6288053393363953
0.5534635186195374
0.011747598648071289
-0.1632312536239624
0.5720874667167664
0.07585632801055908
0.8404057025909424
0.7596703767776489
0.016736626625061035
-0.0001233220100402832
0.7567867040634155
0.02133810520172119
0.39629927277565
0.3430926501750946
-0.003142714500427246
0.008388757705688477
0.32656124234199524
0.8617118000984192
0.761915385723114
0.40185126662254333
0.9266266226768494
0.006783843040466309
0.7863580584526062
0.6877232789993286
-0.007699012756347656
-0.02091801166534424
0.5581693947315216
-0.09348702430725098
0.020719528198242188
-0.7585043907165527
0.4484531283378601
-0.7472715973854065
-0.03757756948471069
0.03857874870300293
-0.13733375072479248
0.7737993597984314
0.5009360313415527
0.16239887475967407
0.7539218068122864
0.9721648097038269
0.1903679370880127
0.48192140460014343
-0.0016113519668579102
-0.015358388423919678
0.8247737884521484
0.005127966403961182
0.017514407634735107
0.7299010157585144
-0.004832327365875244
-0.35955655574798584
0.6651173830032349
0.45752668380737305
0.2652072012424469
0.06750434637069702
0.11605614423751831
0.023468017578125
-0.011045694351196289
0.8148991465568542
0.03471577167510986
0.08261162042617798
0.4400354027748108
0.0023551583290100098
0.414639949798584
-0.016826152801513672
0.44930189847946167
0.03226172924041748
0.009776711463928223
0.6824145913124084
0.815188467502594
0.4601142108440399
0.7784082293510437
0.6209802031517029
-0.8497137427330017
0.572452187538147
0.790691077709198
0.5572419464588165
0.6732001900672913
-0.28346484899520874
0.3728519082069397
0.6574023365974426
1.0043933987617493
0.277168869972229
-0.006713569164276123
0.44228118658065796
0.4556769132614136
0.39554378390312195
0.9178951382637024
-0.059738099575042725
0.6988098621368408
-0.3370808959007263
0.795240044593811
0.02655625343322754
0.19131141901016235
0.04918569326400757
-0.14215797185897827
0.35931873321533203
0.7730082869529724
0.05359387397766113
0.07144203782081604
0.0025246143341064453
0.2760920524597168
-0.006414175033569336
0.5476463437080383
0.17208951711654663
0.6728343963623047
-0.057912230491638184
0.8228456974029541
0.2655619978904724
0.6867898106575012
0.6764621734619141
-0.014831125736236572
0.7709001898765564
0.8548537492752075
0.05081897974014282
0.12454354763031006
0.4450698792934418
0.7423113584518433
0.5004286468029022
0.6686684489250183
0.19556504487991333
0.003831028938293457
-0.11799275875091553
0.3454955220222473
-0.006646096706390381
0.008765876293182373
0.3262186348438263
0.7933241128921509
0.7933278679847717
0.377392441034317
0.8364383578300476
0.4202421009540558
0.6463531851768494
0.4484041631221771
-0.07111519575119019
0.10008925199508667
0.7223019003868103
0.7333999276161194
0.687229335308075
-0.0063530802726745605
0.05815422534942627
-0.005101919174194336
0.8627187013626099
-0.008856475353240967
0.004122436046600342
0.004459559917449951
0.2512418329715729
0.4857713282108307
0.049412548542022705
0.007092177867889404
0.37044471502304077
0.3476608991622925
0.3679633140563965
0.6049709320068359
0.3385608196258545
0.8120583295822144
0.7922280430793762
0.3668208718299866
-0.054880619049072266
-0.00041925907135009766
