0.049065243754060434
-0.10909623977033059
0.04656694850176268
0.10519589663823752
0.07307740076380284
-0.013004592696279587
-0.08552301789394885
0.09707629518955185
0.031532852336855044
0.027212047129166948
0.14964470892357562
0.11506666418643041
-0.023854044326528018
0.05835565305381054
0.032188442536721686
0.0636659896742614
0.07713169769800739
0.06153772572643077
-0.04460240758859925
0.02641562241787533
0.08733081456794972
0.14136552933025906
0.021763730595339044
-0.01807970414128745
0.011545129725072854
0.09953931311752143
-0.07129286693369523
0.14193395569601294
0.014458706872210642
0.01279757768572542
0.05755735701014761
0.11164203852740923
0.1527044920134636
0.09301766409310361
0.2148854516140744
0.1720624918864117
0.08724406823163278
0.024033109295239285
0.033579431203747616
0.0705378128315521
-0.021789459458589438
0.05783637227186377
0.1402361396754428
0.03225478575394919
0.033868891712273974
0.103901286677197
0.08594865738842776
0.1013712336428722
-0.08642461920910628
0.13555040101224447
0.022885326017288658
0.024788250871682686
0.11257920308201942
0.054705941367329175
-0.005929506267549503
-0.11652910338109718
0.03826450209002039
-0.0017613663507871147
0.029619652435678195
-0.016176869394829083
-0.03095534798281469
0.10919817610456045
-0.019936919757020975
-0.07160402324828098
-0.023007922776987218
-0.014020691623243244
-0.010927369259313596
-0.12222177172980803
0.0561948306942536
-0.007030717864800496
-0.1102262524883248
-0.12967089371033252
0.0069030053312787755
0.04085738177305402
-0.034101533080805616
0.0025637393456787515
-0.119312427944924
-0.0523884624763335
0.07246057642846801
-0.15579390782486896
0.026972833751217177
-0.1579632742987528
-0.22974831317922273
-0.033396131065299484
-0.04027934387360747
0.08180970337314958
-0.12885577984294036
0.04140336037051707
-0.15157182130734007
-0.08256399173621204
0.030558461057606682
-0.14243759332008446
-0.05474943211123796
-0.12428863435203881
-0.24122969904054548
-0.11465191432870386
-0.27075909347949606
-0.08448150516391649
-0.203648847881914
-0.10962573580690234
-0.3429955795809164
-0.17126438427065377
-0.11235194113252034
0.023791278010440696
-0.18346474138533533
-0.06933292636441143
-0.25648274081045763
-0.08376878242968924
-0.12155809396864298
-0.11270899280272734
0.05767270021655497
-0.02229938553917533
-0.15901546607829478
-0.14854224085837284
0.03626437540940446
-0.08797649992682302
-0.10293012034242294
0.05203631608330327
-0.09851162629429892
0.05130739226546689
-0.0912199779260851
-0.12887613527740074
-0.25574301421989587
-0.14379975691192634
-0.028858833390022407
-0.0767224941900819
-0.05548374440876093
-0.1989990758210142
-0.059908669851743986
0.035463993570239515
-0.0936651039582855
-0.06403518457435718
-0.046027029182130724
-0.10828233055590447
-0.06260626233114744
-0.1203089245676321
-0.018575805250427416
-0.12628238599957128
0.0945115803687347
-0.1396679291800247
0.086564239216289
-0.01650526455054666
-0.11150088497311299
0.062493274023103014
-0.11924681856111798
0.06958828159279518
0.07939600818305804
-0.016218794765903263
-0.024301855837549444
0.09100909881650562
-0.09328828557161405
0.05448760733400913
0.029030236814641727
-0.1726023326954549
-0.05215028629194477
-0.080645177003333
-0.001587397799780553
-0.0753740530013096
0.024337255471614246
-0.04785406138308138
-0.05316855103906614
-0.12462582124057359
0.11963317956923714
-0.028634934796075436
0.16038334946943547
-0.038908857004369045
-0.1393755374144706
-0.20649241569662297
-0.13104185738811064
0.0011595556780682032
-0.005807772196891758
0.07876811507064228
0.04461358971766309
-0.005205306318332381
-0.1009626723229379
-0.03314003032825075
-0.042724876890059785
0.061899844282739716
-0.0868930213821985
-0.026435846888254046
-0.025226747390164495
0.014525441914019499
-0.021555968361737378
0.024876781335708552
-0.21473653900994144
0.19101858056321774
-0.06626072742232406
0.0724124550769252
-0.041481695397019486
0.005064568012386501
0.029343878034036725
0.06244714110874966
-0.03619065696927538
0.03503528147642078
-0.015614317913082343
0.08515590364485907
-0.014463618715910509
0.09472782252951928
0.11381680318649973
-0.0680037390825089
-0.03081396088923527
0.09211968563214444
0.0464824292989978
-0.07757260144688227
0.15189196813270756
-0.04446976612789445
-0.037521331830201995
-0.002403971516879353
0.11114808218855461
-0.11329293887872206
-0.04112784522077395
-0.0715546292554831
-0.0192646125651613
0.05126912469055041
-0.06192979118653688
0.13471150576846697
0.035504234420413575
0.10180673668004359
-0.04798757836338275
-0.11375492771067085
-0.06038094687705135
-0.031427799674578386
0.04483073306673105
-0.042940191721119965
0.09687153942314021
0.02326860045066914
-0.02418420130067852
-0.05636419901319806
0.07629040464108838
0.04436230406089324
0.0774630771191393
0.027818102868390676
-0.10019782008309278
0.020806255428196304
-0.08912518343323844
-0.0481159116509627
0.06946675017264403
-0.053189160166296684
0.11983086090886363
0.11891704016705511
0.07611988807988145
0.04923611296881335
0.0407091338890294
-0.01793275416110485
0.051327811152713815
0.11713221776889782
0.06175872977995305
-0.004015397570710922
0.003119960425570776
0.14926339725794494
0.11064083942531443
-0.07208347617358292
0.03764677896370413
0.0040496928287360665
0.04363293320769921
0.09577645897848974
0.036573339174570466
0.03737460511555105
0.07183919773710966
0.1300861009741439
-0.051493788425876375
-0.0896363439436287
0.021910570820329305
0.04702346823619115
0.14415968919643174
0.0737318816523051
0.15754002484132001
0.06128931802799777
-0.029041581660721363
0.08214852081231522
-0.002007589263871786
0.10026258649295451
0.008386908200111332
0.06964247746085721
-0.11722900229417058
-0.023192834231191103
0.16011700056070208
0.14209026167373454
0.05118672386348258
0.087155113123137
0.03687305470282863
0.10948165689830541
0.07183351637183219
0.049134365101499496
-0.1341190386030301
0.17010993596004262
0.10454741543513774
-0.030382606061118946
-0.12421755683385896
0.09874834492550937
0.15766627731574898
0.10726293563636208
-0.01667829168317282
0.10446935617337266
0.18451691798931474
0.08946477809608114
0.05773526576407846
0.028643162312636042
0.03028389461678119
0.19505114825021652
0.0020645029840212505
0.06569696242668094
0.16551608513732108
0.18610968739391698
0.07685733048399362
0.0200303525603878
0.024016573924307356
0.02052768828651459
-0.022513502142193956
0.1456969322110339
0.08687339183185054
0.09278377535358864
-0.0614146913926709
-0.012946343993473134
0.2981083676468294
-0.01986907071710374
0.05752257647593826
0.06219588752264102
-0.15466842106138126
0.09532962980081086
0.10129419668151972
0.12898728898761747
0.05360685800119261
-0.07964316480556453
0.020816870501638843
0.024862433348954167
0.01626274207689826
0.11469881038619256
0.10459972138420096
-0.007188883518758984
0.15121002789956645
0.03470880283740349
0.12327874621608044
0.027731613687369185
0.1597659750424568
-0.023078162689804404
0.014472525001520097
0.054412135088324175
0.027004944191486125
0.11757613194855346
0.15752849823726028
0.11683922875602532
0.08513684457912392
-0.08493903442080888
0.084453436572112
0.06918166089202854
0.08250568860635334
0.2594528980108868
0.07824748377602245
-0.06044538979538111
0.16409440660785607
0.07488185020012353
0.13254660862320353
0.1792160380386508
0.20557132984214974
0.1670113118581476
0.14789372831977846
0.1834593208959761
0.07787592090415196
0.25269805778231924
0.15981600357271075
0.11269217817894071
-0.01586918458524368
0.10091844061657061
0.1850576072324073
0.23035764142730636
-0.06604366829943899
0.07081802434202883
0.17240291769630353
0.21275101177994515
0.15216185222657977
0.0733551432232857
0.1560531841030183
0.1091604988679391
0.07822707102582699
0.15856925060795124
0.0018831413563547112
0.24498272869579688
0.016543280950753997
0.03649009601150165
0.05115104434669646
0.013982913772375236
0.1228624114500755
0.2599854687571044
0.13296332071039477
0.17790209709540628
0.1465136959470815
0.2200613020817943
0.17018092329315093
0.11312665450780304
0.06870412420521059
0.08125200942604456
0.10080013506234498
0.07770858547786239
0.25013444151272446
0.15342778464216048
0.11753204732113036
0.09704050232748034
0.23444350486530321
0.20199269236463535
0.18152171778184564
0.06419942342457918
0.12989297455820942
0.058468252003999625
-0.05483239844964076
0.06530794413595062
0.12236244501194012
0.11926287520549178
0.09349070225703056
0.06266800778723783
0.27625274807001643
0.046446276260563725
0.17560145520748108
0.2970529878830305
0.16728367834545715
0.14045234001412563
0.12738006633236906
0.2355167049547814
0.13118917386557719
0.1963339967335631
0.13918156167267765
-0.002564269200602658
0.1578317240911892
0.1806529737736948
0.0914274127867254
0.11979723379425973
0.17212412756834197
0.06011805945641311
0.02131760500850821
0.20443190390554944
0.07604712042756306
0.09089309705021076
0.17359073910253664
0.1283093837480781
0.077807637182142
0.2225670872542695
0.26325311675982943
0.14117739527469378
0.20260723024761937
0.10395931641761004
0.2108111669778424
0.17285389719715577
0.11215312883572132
0.18732331172634087
0.07337564304808851
0.09774895762658999
0.23575042350117134
0.16562388384817592
0.1333051214956045
0.12127664759267182
0.2194605499021587
0.13965045026868333
0.16994636114944597
0.20148565585918096
0.07910421155739307
0.17513758150530162
0.09480174327468607
0.05546140907320355
0.2350587023350623
0.11797608401885934
0.241976363697874
0.198891161743746
0.2510229131947186
0.2985984982342533
0.016653396920487836
0.11011550919477502
0.11058814485250137
0.0821326710412402
0.07644125773688418
0.0700149017854655
0.14360171659671359
0.22345459054471214
0.2004651881542584
0.20190562347671864
0.13199279354793464
0.13175185238247328
0.1358845342273545
0.2781115256682716
0.18297803633577076
0.17611561357407057
0.1671492663156734
0.05629390530612977
0.1151822918368778
0.11878687131697355
0.04068460578436581
0.18107617816010266
0.3178583333971512
0.1683062383331925
0.18464631994778968
0.1478499218715887
0.11075518284749951
0.29909213088001535
0.13129565548847807
0.03414830079659776
0.1904471102468234
0.1918945924762028
0.20170752097661374
0.15970243566188236
0.1423942743741946
0.06180940825706065
0.09875651305652941
0.21127495692349857
0.053805321505782065
0.2418969166858812
0.11567005954905875
0.2665054532258881
0.22201821683854014
0.34301584658578654
0.14958089778562544
0.2824036991173456
0.28911403658461926
0.27341152441790095
0.329358553587803
0.027121115386890642
0.1304164997611568
0.2459429003041056
0.18107240847809072
0.20461534201217194
0.16335101753268527
0.04781625364420693
0.11424148477923932
0.2280000207924836
0.13692164644132077
0.14960295280606473
0.21167941944145763
-0.0032996539217119867
0.050845546001072765
0.32171262562998854
0.18063919138330242
0.19754294523039684
0.2446673075533999
0.275716807345574
0.20756958649927498
0.1417640955883762
0.2574844404704975
0.24538681959846517
0.2739755843592741
0.21694422830492094
0.22311068618720584
0.10496352456865017
0.0639855290549968
0.15864995102742516
-0.10313021411174696
0.1313233081796502
0.08942148750167625
0.172938103651752
0.32578699538130884
0.07601941764233947
0.011015613575905154
0.21523672679546857
0.11980873320765656
0.19709514249048937
0.20811628124564494
0.22227604290379865
0.4086556567107026
0.09533033287579692
0.11796912322830451
0.28929790297883906
0.24862779786320705
0.15108970907389924
0.2376073703444423
0.0534968828417737
0.18871765379870178
0.21512047757059988
0.18767356770912993
0.16305862074625607
0.33723461674723765
0.3190350748730826
0.12261865602949472
0.10220686896597714
0.23679742593540914
0.4168708667078141
0.1720525676900476
0.2277210334696553
0.12765834809412277
0.18046778595414154
0.04494923923435608
0.07857994923656472
0.1642220589804387
0.12432942321203652
0.1088842421477616
0.2215712440146714
0.2640842421646283
0.15799092433011114
0.19957857411154198
0.15966191421026368
0.09892063685664361
0.21229737470589868
0.06055574625804176
0.2006873789478086
0.016026228967478916
0.06343399352762606
0.26185418201971095
0.216665702335938
0.2190671050569382
0.13751440555702857
0.1352709179011952
0.13436774215880354
0.2596466301636159
0.10269739667545108
0.1326187688510571
0.17104443696404156
0.12589676528281737
0.20218468112808494
0.21794950418603196
0.37362566603299313
0.23281762418571322
0.2584483229547809
0.26298871583785244
0.2067592778642211
0.2689870051228808
0.20068658207573303
0.19983322787574959
0.2967187911933012
0.15489714961436019
0.09650187085534091
0.14235854305272505
0.13205073002884113
0.08375247525920684
-0.013669761044995026
0.20765465558046042
0.2452236733308281
0.22753677681044823
0.1722173027638074
0.2756096706120297
0.23880346581741183
0.15838475519221798
0.22870617126454154
0.23601413377074976
0.17860309508734012
0.19423920782768164
0.050486197285472934
0.1540183484602573
0.27532356875653324
0.22699430215836164
0.16061482438140393
0.16688317136273284
0.24887813853500895
0.2759415498545091
0.23015774019030613
0.23806802288900875
0.20673589268472908
0.24043893217535925
0.22313317802602395
0.1720083976639977
0.30150761530472076
0.29891884304522454
0.17255420005877686
0.18752814791650324
0.18241939124848972
0.25376639979308535
0.1379686893167863
0.12979152826330484
0.1906856883009824
0.20625294330499233
0.23879660476884318
0.06174901621139852
0.24721670719586455
0.11208455664913697
0.023745594531364652
0.1080307711924026
0.19238932184272595
0.09336972882512569
0.23898666811969566
0.24736855812125494
0.13009046021452483
0.1946608755510148
0.2440107658966377
0.32229943673157274
0.23245752191262142
0.21228558825457672
0.07726447897849252
0.12475766740029574
0.051109891247553
0.2685415100363281
0.116114560588224
0.25413973974052295
0.11294739203335084
0.14737362956218172
0.18729902506616583
0.1863538609128883
-0.00838131225656382
0.2596374338382482
0.10772465125920906
0.1979471854785374
0.15763825851978613
0.3359917677592573
0.14290737197026077
0.00483180018112005
0.12056688447671478
0.2410451867429105
0.2736396702125974
0.16718927850894963
0.2504952285494106
0.18297651751926444
0.23744195599190032
0.10935808699706868
0.16884272063477468
0.036352481690205884
0.24385109056817922
0.1570042184583692
0.1933437314287227
0.02352316013641729
0.23532635233052374
0.16403077169654565
0.08817459601604292
0.08118400906164855
0.3231546835703664
0.2608292729484841
0.13270324798377764
0.3888628309230594
0.15389415785233576
0.21914326260350092
0.2667439468555828
0.09165740092581627
0.29621272139599386
0.27327285550257147
0.2853662698514693
0.2486169508028091
0.24823612680870044
0.1964048134450195
0.13353200823652803
0.15191568260367105
0.19979934415243591
0.37925058990536553
0.25816973092717904
0.14985511956603792
0.34009848178991164
0.13296486470477364
-0.038937826026941284
0.17268533052329837
0.17566885671149937
0.13360107479474992
0.2906185355989319
0.14124213406161934
0.23860306041978321
0.19493289340489095
0.19155484594936648
0.1627482447960979
0.1908172386871724
0.20929675834992548
0.02192313140295298
0.12867049435412414
0.19160956323841724
0.15890376812728063
0.16035412989246164
0.321338557736164
0.10770151643597
0.2124252919414862
0.23395360554338654
0.16625720033141214
0.14956253457017438
0.07142406724861304
0.25418912468999366
0.18806406195973732
0.25597336060799847
0.24490088782712863
0.23298094014725088
0.16915023578060737
0.24399605968269636
0.23026468417715626
0.1302799918752147
0.29205356285678485
0.16457522044078193
0.1640939905507159
0.1663463840553786
0.1500707928146541
0.27027126206844104
0.11633131736520035
0.06273971450234292
0.22581767058588453
0.2075580619181339
0.1719690869363687
0.19754205370984587
0.23646047036136622
0.14970112921221027
0.1871290657493759
0.277074312390748
0.20756550886641162
0.13910573865186113
0.29282660125071525
0.19120977202428474
0.28725983044021336
0.30199222566629824
0.10316809759701279
0.19745944373027874
0.13087305219389977
0.13481861492697753
0.2664990455715577
0.25121057177903894
0.10148719736616005
0.19737594933425132
0.16489390358199138
0.23467431358555055
0.18789034378947725
0.2504144185487794
0.027973950016457395
0.14579706983432833
0.30960644863065717
0.2334938002939396
0.251098135299195
0.2740947475717463
0.14023891035336825
0.260401503020881
0.23242593796011438
0.2631556869540337
0.11353745264455084
0.13462485347847872
0.14950439109463542
0.1280056218677795
0.10097461729977873
0.26427764918746804
0.10756735967552865
0.21338570736304632
0.3643993367233134
0.1771091599488741
0.1683136340067291
0.1259238292582045
0.31443618766453446
0.20302463460014125
0.22063310330256378
0.04886235587313825
0.17922818385661837
0.19459425433523797
0.1799869719935194
0.20158432032152832
0.2577895219520072
0.32327310708433865
0.1927670853026286
0.06789424440667954
0.25984587820971233
0.1845148779789028
0.1342348224784914
0.24848985003710836
0.24381289792310515
0.09333000443949972
0.18443669477922023
0.1876610330668496
0.2726637401685219
0.09933433610608723
0.3046239486065804
0.28639130369195437
0.10797974295248863
0.2434913453950977
0.1810544017161466
0.06337497126903488
0.24064129695585712
0.3329481575471661
0.20177711307654447
0.19222410408118923
0.29530237105980456
0.13911192016545929
0.305986703436605
0.22812474846566705
0.36860984710532646
0.2401748093766487
0.22528568264988977
0.08053291442698217
0.22455830957605513
0.1611016283427744
0.1837951692730243
0.3018611904995282
0.18253597462150012
0.1689753093524608
0.2781619949594608
0.27982390951152525
0.13303018779803222
0.3131522475417922
0.2587437881666814
0.2422605273870454
0.2185831561735732
0.24897064529082027
0.19595835407385087
0.23191119168309424
0.1702175731289728
0.21089207552597863
0.08697730994763544
0.3081103757428948
0.2803702456452787
0.24945683856904122
0.20536965753068503
0.0700658202523533
0.2843441089901114
0.2488051956135964
0.18248156063017754
0.23602415274560495
0.1983419383950743
0.2618171581475322
0.20366080881369833
0.1505008157412169
0.22324347658036575
0.26439850551091953
0.15831178648103034
0.23220135609332707
0.23241529655743473
0.12938308042528698
0.2885295041221231
0.24951898151475646
0.13662037088453727
0.12415249193039406
0.23812987986450365
0.19880531712969446
0.20500197919047689
0.1848913375673819
0.2560129527544388
0.2905968609073401
0.23846858423606562
0.19284246131662916
0.1989046743792292
0.32833406388542596
0.1684435974828991
0.1218532449375575
0.18113198164736924
0.3413620124938294
0.3221263105709706
0.0901685504875507
0.11510982540908879
0.09144927496826855
0.1600825594598126
0.24952788346883012
0.17423278653200674
0.21418638415901164
0.21014575783496078
0.31702871462024096
0.2567962238907505
0.14056421743489766
0.12445631004875655
0.19532198343797244
0.24127871563158734
0.12129657951025566
0.04384954912895331
0.1476784808107803
0.1744902583296002
0.1792708923350676
0.2670269370664294
0.242202774952341
0.27281746328152723
0.23449185123663155
0.08835601825014582
0.20879914507846184
0.12012966307552234
0.17871062396392412
0.254793685309908
0.19675888172269868
0.09225492050534916
0.11705291880800689
0.18675395612589304
0.16499217702546498
0.24025682905724835
0.4079272799648572
0.10847534589163878
0.10252180274567436
0.2380058487827916
0.24658439291910825
0.16925130957908807
0.29765846890582137
0.19717742205451813
0.236044611171042
0.2434927200668722
0.18913054381504324
0.1387451456106019
0.21820371511520076
0.04977633808659933
0.13895189145608963
0.21120893164383986
0.13750616035526894
0.1899625962933449
0.22005291342084074
0.08644122948587166
0.17157308843043062
0.14773282180708222
0.10469496333493264
0.19725847694366327
0.3001909521507667
0.18258571309771401
0.3833980860477439
0.1462127364748199
0.3825638740501733
0.17724611650851296
0.19812904607224915
0.1809096988349869
0.184937486575401
0.2152394487771607
0.15475160359740267
0.24313555195822467
0.13874958807501714
0.02885283025673494
0.18294487627232103
0.10899719630485827
0.2844143745208009
0.31685479049022025
0.15638057164283484
0.1294508520467692
0.19084566346570317
0.37935559147677755
0.2377364918768872
0.270345596555645
0.31309285704319967
0.27104481784715
0.1610429013944345
0.2889436961785756
0.17974410871691154
0.1561513837851888
0.21138524319947588
0.22141295602471897
0.13886811465620036
0.22352560319328668
0.17841936502396863
0.04253188776626786
0.30929017183972235
0.22529345439043846
0.2598912174664163
0.21775936714305152
0.15475033912763794
0.12380029271500546
0.09855672085696918
0.12229644924300985
0.18823621001131177
0.05737409513051749
0.2224928341636755
0.37153489142736473
0.2024882590979188
0.23788541027839966
0.3247589668870416
0.3550510441456296
0.3000586292189397
0.10507830136009165
0.09392584717414387
0.15030144890948302
0.24261782762941148
0.13963032573787715
0.18527215077954245
0.27266495834897075
0.2985273954486883
0.12872418235844824
0.07496250784838554
0.2582561220595012
0.2908752840482551
0.21101509475056446
0.21980111003661557
0.1601184259571729
0.2671237405277107
0.17036984736438232
0.17736937754427032
0.18972568011251664
0.2526262476146013
0.25882072263886524
0.2545807693473258
0.13764477919825938
0.1363898451959505
0.22343329724700492
0.16571803864040074
0.2589380109107779
0.15769662369222337
0.19282523130843088
0.2925172466647145
0.17209595466616595
0.2797791187599103
0.20474124001561372
0.3475933430528873
0.1776509045231077
0.07761141908651928
0.05359974736207263
0.2854270668640106
0.16168853789208584
0.18113721610195893
0.27154722424035327
0.16530512126678354
0.13661241166082866
0.23887241901703948
0.1744856946234479
0.26876654688874785
0.20029800908592427
0.1055377602813977
0.20826236742322357
0.24305917165578986
0.23774704503094024
0.20610434589719662
0.2858927156733074
0.05239996168289914
0.198195910205719
0.1360665760340137
0.33999982095823333
0.14520207820720915
0.17628512916420291
0.10256726325206732
0.16422152547916935
0.24167046827353733
0.12929776772682555
0.2513250291627683
0.3649838538030981
0.2015911747450034
0.26872146576093775
0.12020122285019123
0.2141505312236035
0.15549038892284237
0.16423332339266478
0.25780652776075247
0.20123287565694234
0.2908315134607407
0.24308381990134137
0.10145998344247832
0.14132661436348218
0.2250693592329695
0.285404109818465
0.20762371892694173
0.2327456130454508
0.26463409276169136
0.179355727010843
0.1707760817546431
0.18326061371506852
0.2997778355813353
0.12518728098545975
0.2604033324257069
0.29329771638168517
0.2317064191575716
0.16094928284176796
0.04406072320601728
0.10713723707811297
0.23456796027098253
0.19733351026149537
0.18645579135277424
0.08464756594131978
0.2505649080936928
0.25150932169525275
0.14642905075261572
0.1656414788955172
0.3203938805522029
0.22817501246643512
0.3481032655205971
0.2803645139588483
0.16687249846478736
0.16474404475479068
0.174534434607467
0.14747713652282246
0.27390209540079136
0.19660720696533562
0.15200139503530294
0.24064058694940824
0.28396579498058744
0.24875598620815598
0.14705157014554884
0.2242964970893347
0.25622115841561327
0.2518935913289253
0.1730303809607665
0.10526509526452132
0.1598370181851214
0.21834776490692642
0.18114239420994985
0.2148307817551998
0.08399389897141374
-0.011323833312864906
0.22655471326457327
0.24331348210042275
-0.018224255723715797
0.17742589408383477
0.18555875931104468
0.19039384262284031
0.25375451282276734
0.1991099800397612
0.27916936383127083
0.25747317259346914
0.224781895731063
0.3053499634994107
0.19539719725995838
0.059657535499600886
0.20812308327666235
0.09163365689163395
0.19936231333789362
0.16672133538766026
0.17803853703093359
0.2000991660555752
0.2766418145110546
0.1055737628096941
0.22450626535769877
0.2722367271656448
0.10007760470608344
0.1565902105188978
0.2737767764791264
0.22144441973793216
0.2547401691602983
0.032171092652383756
0.09078339132970774
0.2548979944503798
0.2374783169858367
0.26077181490657897
0.18847585949702764
0.23999130696795887
0.11434158950776574
0.10697425646537909
0.15013177473183156
0.19122440552364
0.3253055259120953
0.19792321720288966
0.18575034803391802
0.22660414963176043
0.1140453409209665
0.13229493656566485
0.04892841849296699
0.17186053381464333
0.09420565862603737
0.02899257639320296
0.23539226346726339
0.17215575647244896
0.21830728161164217
0.07485571047724826
0.16545835136917517
0.24735629142586324
0.14564782105242174
0.09991415889519523
0.2383647518945698
0.24530785334287816
0.017476066388267507
0.16064330269478333
0.07914163289297046
0.32578331882061595
0.19377459650827739
0.1807529813635178
0.21353621200455097
0.2671231475637268
0.29006237076314834
0.3006930818020399
0.1553451101632195
0.31758248576018544
0.19716920756935502
0.33301732632329917
0.26044768291653253
0.19462847676471526
0.09332980605911283
0.288538718450797
0.28066945825925466
0.17897501524318138
0.2711794290056341
0.11560747732701206
0.15311197235792118
0.047797260904427555
0.22350462963317633
0.276644932938413
0.2763774908645819
0.06536751433750951
0.16199840001251595
0.29913717605828344
0.33263424905261957
0.1592597320527861
0.16090146183014326
0.27098217866644597
0.24477180463616915
0.1712038700834583
0.21351531651189415
0.32378224370705233
0.3110443324903024
0.1756562903042213
0.19126556779977377
0.12025331840013666
0.22753442344018485
0.07493102413124203
0.1768763955788364
0.19618716760044183
0.19438823949676529
0.18407655896011604
0.3026895238516093
0.30332087421041976
0.3264898603829187
0.2626729004630152
0.07499520815743173
0.11040239357728952
0.23369435613728728
0.2572910092637438
0.08421771487958855
0.28182878961656554
0.20914287836022707
0.3118166682473701
0.20289419469723516
0.1463512895218381
0.27550187730218256
0.15590493277176978
0.12845362033465632
0.11082976781908904
0.24465544116892549
0.2927477793306404
0.15558342031026498
0.16676938219445175
0.1614576407071346
0.07110127314508856
0.11687795221794753
0.19926529251939415
0.23319928143746538
0.1385331630190772
0.22621813332406407
0.13091613958856083
0.3210856963579766
0.34748949912601934
0.170303028792932
0.2917268508784814
0.2875781456033404
0.26266641710902383
0.3517841307147828
0.2019060076105514
0.29069946478032377
0.16322645608112438
0.27078367066509623
0.09337745475041258
0.22883946590138116
0.1850378231958325
0.18647337833815278
0.15263185721991154
0.1433556208789873
0.046017215265825036
0.23579285118098536
0.2987105157946875
0.35723667755163363
0.08308297736600406
0.2911129502014386
0.26236367641449526
0.1305287386784544
0.22657038064296398
0.27179198756239314
0.1316657899729479
0.2233108409689358
0.34443612592256634
0.07074503549882818
0.23042488732588473
0.2819698734113826
0.22420529129748193
0.18684288623374046
0.13336288205063068
0.3259960506514099
0.15105625241595189
0.32280762614850345
0.21592187639593646
0.1538141204994062
0.2018284255311839
0.13208638223366478
0.30980680047388226
0.24660638013787825
0.3030433570519498
0.2908269055088335
0.25456208052897616
0.20492975134420668
0.12093869078748129
0.09956082470415366
0.25334727652540334
0.11120816896425186
0.18463833221814255
0.327452643592174
0.26287143491449017
0.16713063955387375
0.1816215432206916
0.20667339392163328
0.22160979616401363
0.1980963856660707
0.19802503367626084
0.2111790140372401
0.2080956120707431
0.19084741331535915
0.2906584796342489
0.1702153913923504
0.12867606109684368
0.13995589339283193
0.27225298876292237
0.04143781174999784
0.3556173687485027
0.3081677696882133
0.15524260822549085
0.20451604731058393
0.21505474931903681
0.21028632023308488
0.05459516520628876
0.02402854109314076
0.25668332323072124
0.09578305396591094
0.18076891249111554
0.2710096785538122
0.2492333633288773
0.14817200760227808
0.22976194937267228
0.2769842362376574
0.37780505100883116
0.31128216392109903
0.24769287573130339
0.09076140746110845
0.14176598918144256
0.18468331253948425
0.31140224028743363
0.36244433672404663
0.22211655666994978
0.23659603108612764
0.380695469322199
0.31183152488002763
0.30738613952669414
0.12251968566408994
0.1717391144524859
0.17306529060202433
0.15043682240234302
0.2527225797241169
0.2996713152870262
0.24318066034773778
0.3424661397982684
0.39673412383428297
0.17992704723118957
0.3623732291524938
0.34843828503969704
0.10071544356481793
0.06083431376078577
0.11351618347997817
0.17780487230940978
0.23954794114106281
0.1535106577431828
0.29260070545029104
0.15335907065191956
0.07902375487371374
0.2372988592388225
0.2057057482092786
0.2739808448488044
0.1948568541039917
0.23146835297258533
0.2762484237164643
0.24112702596613617
0.17947480471011218
0.34264522336442527
0.3143985066462384
0.18040727907459225
0.1855972090099249
0.1969845768354189
0.3241602473325064
0.15737439786188998
0.3370202654683694
0.29255257876051494
0.18676461077266396
0.21384205348641608
0.2747412532859412
0.2571479818265477
0.13816247412268284
0.11560970189065709
0.22833567011102918
0.17511092341493031
0.35646651857959943
0.15151628663403335
0.17392069036341606
0.081445589518646
0.33804824198865935
0.31062329981947534
0.3080285896111539
0.33009159267392496
0.11026714949788281
0.08905748691752251
0.32847646914128087
0.17699641859502013
0.17731682634959114
0.2525354391649144
0.21992486520257454
0.1404779633871137
0.21071971466021677
0.2610254040867115
0.12019952121747955
0.28205458753810936
0.06445306481563572
0.24962152703742832
0.20223808315254646
0.1393793093774114
0.20217636310855397
0.19147591914491963
0.2851009534265458
0.284965962720644
0.14672324815886936
0.1411153151941259
0.31482058908307364
0.1824094622461679
0.23856332463333868
0.22641988030164137
0.04862925561821527
0.15821770848886033
0.23756427252112608
0.18935659497451396
0.18416538121843892
0.21476318266892022
0.2953104940655955
0.18561810721424885
0.29395734192922013
0.1689867313496756
0.09998217137054148
0.23410875291052932
0.2300253985194549
0.180354285413539
0.2365743097744473
0.11295858682397973
0.05363722768247735
0.29064692689665506
0.20630007037755596
0.20079715799701417
0.23076045471227277
0.199850672427751
0.1562137045462001
0.09489821091125786
0.18496634445978977
0.18678760565168162
0.22772063138206242
0.2787020468886441
0.15611974806201007
0.27987827975244556
0.27408996549767023
0.30268556359976306
0.31531070743119377
0.21771946466586403
0.18555477560735256
0.16970298005992743
0.17179218755442194
0.2223123464823049
0.182864636455916
0.18317251393645492
0.22269317044547354
0.12702883624544076
0.0632761051725509
0.18183325769889178
0.2708502207523497
0.28843970270666197
0.14600366055186606
0.16899681659534024
0.14683470715091032
0.1887977837055276
0.2542740115997009
0.3563519486449765
0.21783777766782364
0.2694406894245614
0.09603028039112535
0.22184795275326077
0.3458713415600109
0.057483772423361196
0.24028085772780103
0.19858249947136844
0.2610504006982268
0.11086954375940525
0.2022014613312866
0.18479601821961344
0.0926853824286911
0.2868750579128698
0.12192339458697948
0.1841765761250667
0.25907558398065855
0.13646128574744637
0.33829635878551095
0.2224220673803902
0.18875718437684555
0.2783857658290335
0.09572641955873866
0.12451930315595973
0.3255545790095261
0.09570856832752338
0.1994015384510735
0.3428650799251244
0.2236172747954567
0.2317574766297062
0.2095194338520467
-0.0026583490574993733
0.3156482300231558
0.368908402239555
0.17418851995623963
0.12409025734631986
0.3193063670596114
0.2575135410722146
0.3605330011283441
0.3227466399300755
0.19099188249250204
0.32626881650539347
0.1342511185693428
0.14130940703496603
0.1537214497617468
0.11434893276147359
0.1699331969333423
0.11025557557017915
0.29680475463585243
0.29559523273699023
0.24643126812273866
0.2008119144527001
0.20722082791025592
0.24220196259626303
0.124067450247751
0.18542192835813615
0.17216008707010666
0.21383282234522766
0.14363496338984252
0.24626285027470673
0.13812548685351025
0.18075038662802323
0.22614815887865258
0.25389019117445344
0.22338605647570073
0.238161699118371
0.18441902841987814
0.09618621806298913
0.2831479373496594
0.20189178784035647
0.23538604352856227
0.17032164811336895
0.3426341524271169
0.11611227383806709
0.15399366915108925
0.20518824914515818
0.17887784294455775
0.23378091542966983
0.26588087071561683
0.14686124839642098
0.16135931428438532
0.043214654667369484
0.25010165278043806
0.15128159330363505
0.12431867693250172
0.1521314570254706
0.1719988130845072
0.23590942912124702
0.13607002618819913
0.24684225452961658
0.20705026688400052
0.20750306584606049
0.2643426835595139
0.13987046741562106
0.18634331604210175
0.10769058552104419
0.27154884787683076
0.2085121506864467
0.18291276842648924
0.31424519028341247
0.2560149826444548
0.2641913450498075
0.19869453491029496
0.18350113017423703
0.10473488602955189
0.18880976518641257
0.23995656637613227
0.27476455697454893
0.32906319649367743
0.1546226653235443
0.351246962463841
0.3255019377730733
0.29652047981025276
0.3342862582119663
0.16021380366788077
0.21364389364204214
0.2891640633961155
0.2178126715528311
0.23188705564663276
0.17426406123656135
0.3391078375235702
0.20013616467518167
0.24398383976503993
0.22750251054032922
0.1800892411568202
0.11900516764553187
0.1641169140375852
0.21131614283318836
0.2691249850880426
0.013451339659561006
0.09511464437326012
0.1703050743906354
0.11752261197132775
0.06431227825914038
0.24099705803047083
0.11107551464092115
0.33400490243109665
0.24819826832438502
0.2713017235899726
0.2785792755303096
0.2821468224513256
0.2396167425661868
0.13567807550678446
0.1943021932763035
0.287187367831659
0.34888782684933645
0.18258548391810642
0.1629677791020995
0.263321407774883
0.2529341522197697
-0.016219723501570145
0.19207307183878267
0.2426449366011915
0.2268593971632823
0.18287665601375325
0.19698504792915497
0.25001786164653494
0.21677065967406
0.22017007593061447
0.07752978267482172
0.2724449787416501
0.17020093834619004
0.28116845478748725
0.17677861852135213
0.32854661812347064
0.2353993427539466
0.10550543147684568
0.3887549718771772
0.3505333689083639
0.2329220448528563
0.37494508664781606
0.17558406713387412
0.20274730259761278
0.1387727583555383
0.15298208557101503
0.24282452899235993
0.3109434345574739
0.16679954435388988
0.27695400272179205
0.22405709498389975
0.2554907397444299
0.32649269666459674
0.22706050978791154
0.22301033953300844
0.1221473377673704
0.13000905839274224
0.36938024201402586
0.049246207461378366
0.20472584763224988
0.2823429082344825
0.10786767554776051
0.12235478948918875
0.21437297551864645
0.1128948620452073
0.224058400515005
0.16735049066700905
0.3900575372488532
0.15733090103260058
0.10665851367207001
0.296801467454299
0.2157142175802929
0.23109987193784728
0.20957249118893465
0.3154245492004079
0.3140399118379169
0.2996586303621958
0.2817523107225438
0.19593154247737413
0.22429249361351475
0.20379025263265152
0.23488268579639446
0.20043367614897672
0.27614117585048314
0.18285264177885602
0.23480038018078825
0.26492752611209813
0.32717901343236755
0.2567471567786115
0.31626830843390336
0.1506748651393316
0.1787623664315402
0.19836419242470904
0.17672259753015798
-0.052937210455105105
0.2177396255559428
0.160879020446235
0.25096612047604006
0.20832427400337916
0.14971481411275478
0.12876744660783068
0.165644269203249
0.2501166034719105
0.2310108170124874
0.250340639934678
0.13148106855739225
0.21491256090255959
0.10035964544264558
0.21047239717152905
0.13547875458039876
0.18557808122836011
0.2981768881407706
0.08490467560770135
0.3170130575483805
0.18856379869627965
0.21804820834929992
0.23902601406095486
0.2102098455080978
0.24692462459795236
0.22770985927166446
0.19164278087312042
0.27663101101567067
0.23607476456265888
0.23792873098825265
0.2119443714895149
0.20408865900497358
-0.013332186811576023
0.2880566901656316
0.23359152809768788
0.35253471313589285
0.2507221355587647
0.22402403063517276
0.28306249139666456
0.25717888832237895
0.2588206631306041
0.10534667834384512
0.15517694604098942
0.23479043049991533
0.19058468824006897
0.23806199880938322
0.2730204346238094
0.10842505487008085
0.1846519792709165
0.19535765794529408
0.17735548659108433
0.30182291728507055
0.24858991779810935
0.27244745711380136
0.12610169327546625
0.23063913006967782
0.27575514954453606
0.2243123494811541
0.14969009079551163
0.06032017221054054
0.16374263864698704
0.19801894240193374
0.12004145460230843
0.2844458912889114
0.26091615285962455
0.3302455832946837
0.139210594210072
0.2294911415191863
0.27469409979789683
0.2271908412398654
0.22154461826498775
0.26358244123607216
0.22139681695074437
0.3086574176916546
0.25130861502687457
0.18125756899053358
0.1986471445853374
0.2508623563202992
0.38460192943721255
0.12412940260562731
0.1823645132109493
0.1912610484562785
0.16398428033696227
0.2722450219637572
0.28352049189763756
0.1882639403241834
0.12876565965395334
0.17441708648930562
0.2126640909193237
0.1514919781556419
0.26944527953244046
0.2656372688795791
0.22594095620029436
0.13847313201538114
0.2221230662991348
0.19581632316512007
0.32459684490904517
0.21473408513448308
0.2613419895066611
0.15410911759797963
0.14985547705430993
0.2455186847445145
0.3039520852061314
0.18176312331255365
0.1800208034727216
0.23876717464383973
0.32357918650076284
0.23460372188787737
0.2986153401195304
0.27276119341913047
0.34122431936473485
0.140791033176903
0.2174022843256041
0.300089457196633
0.25854377294576886
0.17049643300205802
0.2837233217781868
0.17846815214137302
0.25367301345314147
0.3251728224615519
0.0855227167739983
0.26111705222809717
0.19779983743487758
0.3327118738183785
0.14792058706526784
0.0794626785183757
0.2691685122440529
0.32154643520962134
0.3748549110133155
0.2716160293898036
0.10605730595897091
0.1930975429671606
0.23865932037561585
0.21874470374136945
0.21461605153656893
0.29951767911446325
0.17997677899382056
0.0988926593336438
0.08043644995265571
0.20653012683411617
0.3673425222452421
0.22310169105361133
0.24756763322225747
0.36465231324743025
0.2944041762523342
0.20846945080752302
0.28244352416861385
0.14603887588424755
0.30321064879701587
0.2472984188606714
0.2507643275112528
0.2678135758079425
0.19253402992944896
0.2593729421314551
0.22240856063568265
0.2289398423510743
0.06874737236103597
0.3248654623787012
0.22216253501659114
0.15586874650427293
0.18004276769171226
0.2904267502888925
0.2204884779153253
0.2529984130602496
0.2390276497549555
0.18757828139665766
0.206703608714444
0.19131649332299158
0.2450652394052496
0.33422933425863555
0.2703193539914638
0.07283123256709281
0.0867976834851017
0.2949776250460226
0.1839518408051934
0.06376394297592645
0.2775529810358915
0.0849736646545191
0.13462070949137928
0.2100513862466934
0.1948612644525887
0.29433505334488436
0.2505556844807771
0.19277612044024856
0.36925931704861936
0.13534535545363013
0.25256599947530434
0.2083837526893907
0.2866839091480819
0.37104251238102387
0.29565376359700435
0.2589763411522314
0.1745435677308182
0.26221595369856276
0.2174656648017836
0.17570406122203056
0.1962446091664737
0.15049720494213073
0.20288689074712862
0.25359624196524844
0.17753952376597032
0.3005164104969127
0.24502904705457923
0.14605583819123505
0.23738417275176116
0.17435055522303572
0.2892067839235822
0.32035761574920935
0.16468980596563335
0.25443460044418087
0.33901901767325593
0.19302966240838948
0.24996666977364973
0.115678509207584
0.10933325200461684
0.23070053142792116
-0.03581530320765957
0.2915810236373481
0.21442191027909466
0.20779811865628972
0.3074628283143526
0.2913198661197764
0.2931058501748384
0.014167460799126324
0.15610399484897386
0.17604194744430895
0.07333850455050855
0.18781218511404354
0.2985418906079193
0.21508097159941933
0.19818747208387083
0.1609340933464459
0.13028790699262932
0.3267629724934559
0.13158911153027805
0.1695664573451478
0.15109066180846298
0.3196661439074615
0.1650235334691165
0.09828098939728705
0.2649511572905135
0.13035382649408736
0.20788955975412615
0.11086846110281437
0.12707593480155624
0.2734657051579183
0.10486063457288719
0.16830734756840113
0.19709308759107055
0.2857728734363634
0.24018354162108885
0.1696193410978316
0.23961444888552216
0.2867783811825162
0.1503135873378086
0.21942979251985173
0.139644518907006
0.303273749103753
0.18563300710459413
0.26896911527123823
0.2104735790802411
0.2083504218921476
0.33056715577542034
0.21121936176926429
0.1721365188909819
0.20214113842777345
0.311171331047283
0.13395065346828905
0.18558073134120862
0.27418846061801344
0.047415304666163206
0.20403523864373121
0.11583399982067721
0.28931946390590485
0.10839536113355211
0.15661314077501762
0.1690522350732929
0.25931058507365223
0.2466000734142934
0.2051134754353468
0.27042016814003
0.04057118555972439
0.14623399447803279
0.29587760305969174
0.26025520721498724
0.20780073833034685
0.2407613546828304
0.35653696765918075
0.19378620680798406
0.12308304073013261
0.27791208679452134
0.08049584318426073
0.3177059713325831
0.20270778274420923
0.22091327636375946
0.21027980433480997
0.17560142197072687
0.3028313573583561
0.1709588083130726
0.20935191273907303
0.2762372732435531
0.18427016579713143
0.19382486153822537
0.16357218073905921
0.36742923918373294
0.19990336389692312
0.15494391427268295
0.1708805277721673
0.2025642603871005
0.29879989610327307
0.21287211599751957
0.18518880961112438
0.22533845469455943
0.26891710628412313
0.10692115108577177
0.10776250559835251
0.17837853382694532
0.252942512819133
0.15508852110413765
0.09989879592656585
0.1964889448746692
0.2799499247601581
0.22283624261356674
0.22148590090426587
0.2287891131013162
0.23635516262507167
0.24690202295716177
0.27479252585341046
0.2911592565050999
0.212200551270127
0.1855741413874828
0.24800469353736623
0.1776387759049443
0.19758453017333577
0.26183860645346857
0.3025738756104954
0.26497777841464415
0.22392750609313306
0.21775634789532153
0.25128904998213925
0.3200836019834676
0.08942252210935588
0.18313669556894396
0.1745255737552663
0.11684711337591241
0.19502210153413624
0.28795323663501593
0.09102220099543228
0.20437741191184183
0.19983985367083282
0.14865856150977833
0.12716290679671602
0.2357110430898938
0.1443921202655719
0.3050181956807662
0.3533530829518817
0.08587470886221733
0.12265664193380195
0.2840287173168917
0.24841286840524293
0.25453260895397145
0.08206109467007044
0.22062104465329377
0.1970245339821852
0.1486527553403231
0.16308410843093596
0.20896948995377382
0.209668043857027
0.1919858094633504
0.2957331051940415
0.20657478964289136
0.1264409345360245
0.19765024517509275
0.2799019849511806
0.2676992744730041
0.16631992435112702
0.24068698988644158
0.31168980380683214
0.1463581047613688
0.08154376284521124
0.3259209045926783
0.185745805587626
0.2266971954018115
0.32408273421508743
0.11768269470330676
0.31107563705766533
0.2466405181598045
0.02414146467587004
0.23494812041802754
0.13458492639151204
0.23804505310990462
0.2646798226393118
0.11523410694880468
0.24597676878254401
0.35599229869491716
0.23719855136873377
0.19250893413216122
0.12377361911980791
0.3009172221065282
0.2469307379490414
0.24980153422070223
0.281266133319662
0.28063386227907644
0.28001442715034824
0.2994336358716627
0.1923734311350051
0.1384191751191537
0.1686129899194676
0.23274679400962037
0.18696362375162262
0.030140021477393083
0.2808370216606335
0.20411868707621314
0.20449558004986532
0.2831876117784777
0.15894764052966248
0.24760939730266074
0.21031115453130855
0.24100978645178944
0.052235070228220215
0.22949384825690244
0.24399603020982802
0.21613743499652902
0.23096268820132884
0.13105849067031014
0.17513348953388333
0.29954135730176984
0.09184020447800194
0.28603678700539564
0.07740172730774054
0.21223215061760684
0.2067189147436933
0.17835381645046994
0.17332677095143847
0.1173765851960778
0.10005992193343802
0.25428750811863354
0.19260034237804605
0.1681417158603844
0.23243611390614402
0.2496420284978618
0.12037633600568745
0.22467871206507162
0.2847308089121
0.2101911486989449
0.37026645651453294
0.2690577488750842
0.32875629340244006
0.09123973565456547
0.2329443474432925
0.20991357439756736
0.2740414556263861
0.20686718475966706
0.06697648660256739
0.26071955344349296
0.23150877904562098
0.2125197479174995
0.2373280325473963
0.30624054181437477
0.17795013383488725
0.14813620183962467
0.3479075058507617
0.11823568333337836
0.058714468677333126
0.30165216004315054
0.05703828267603212
0.23933059388923497
0.34690224683345966
0.16611658562767492
0.2828511497172726
0.1913632488354608
0.2655392356312829
0.2221927784881615
0.2856442102363344
0.25473583012819784
0.24845573476263177
0.2438592840260142
0.2971227316820303
0.25077698609729165
0.30889520307481805
0.24969117325657497
0.20465572175907898
0.25976664327879073
0.2629663370766936
0.043791299162455936
0.3631475104723992
0.0812043592625856
0.2623846360211877
0.1878408984470078
0.13930412511352938
0.2229206557683919
0.27923648846609656
0.21239437982472287
0.34177529055430594
0.13697338558193012
0.2234009859632425
0.34579258679086217
0.388150268675352
0.37502874124945235
0.07904640337111177
0.20648632751178822
0.3319661979092271
0.3321256396969236
0.006175888834679069
0.090218421328828
0.25297037560570645
0.13940994550098998
0.07571870836410308
0.21846552150725926
0.11767440356035827
0.2998678348754085
0.29492429173969814
0.3581639951309231
0.17993711428235812
0.20888477527963784
0.18747193879843774
0.19191070293409435
0.3598211618313739
0.2132025901811238
0.18163242634893811
0.15262999576172834
0.13756018225058472
0.3300063495831438
0.19561053622877356
0.15237358707401968
0.30448272407835975
0.23041576094703575
0.2444003795965931
0.29305705122622305
0.20420849774588337
0.10658472473919206
0.3014536205277702
0.2532358449054991
0.194393939253976
0.2901777455416557
0.3509620043007134
0.18178072523587485
0.283180055833647
0.20286534583961974
0.27882443395566003
0.3045947178489844
0.2665575294841798
0.193518634474248
0.15865332847871574
0.24030265953954488
0.28212871822792457
0.13474116619994533
0.1706986251333266
0.2838640118218931
0.25503595805339363
0.13343525744111212
0.17107019702106058
0.25034363621776357
0.18410430680210038
0.30031304479918275
0.1170738352646765
0.11133202546434182
0.1798436336639689
0.06679263956595509
0.13523068875301322
0.28732415789967125
0.2935874828023386
0.1747481533444857
0.2735294817178236
0.17289071527718364
0.3752845488567552
0.09763701792310575
0.128005121148276
0.16394425247296343
0.3080491504461106
0.19098305799080065
0.2203945739119241
0.18025228885947353
0.37021401953096655
0.04108579898013104
0.22218990718898676
0.19332067433196143
0.15843809888990815
0.09784945493143564
0.3564114978767661
0.1413450556370039
0.1759127264230027
0.4295104768036508
0.1174991829687764
0.23640166317144246
0.2216668109666176
0.1607052416730056
0.33556613128601703
0.18356109189252043
0.07174775208436586
0.3509801873340823
0.24858201040374386
0.24412852102469867
0.2964588587314916
0.2704986845928836
0.22857080428781282
0.15069898830008016
0.11452994852016982
0.3492876778537671
0.31831777857360455
0.03125995294162566
0.4628766562624047
0.2737762616496074
0.23287785527212868
0.2320985274007966
0.21788836233421002
0.14436295902648358
0.24194398832525163
0.32500776346547694
0.17098601227317203
0.18429708216560278
0.19392105718854263
0.3596709248901231
0.17636896105446456
0.3028815951794435
0.11252673680802296
0.3697245718182362
0.27935702136499835
0.22754766495787027
0.39321299245644203
0.11176819598083305
0.05622667322982656
0.32888877247768245
0.3129958101175095
0.26288296826353347
0.44490068762823654
0.24763276769697345
0.1406255891644515
0.26383336985741407
0.12583122285429815
0.1198353766763009
0.1184461464806342
0.24705723980727318
0.21404244293836183
0.2836421040632714
0.14350968588668564
0.2486850667412296
0.25371774445971984
0.3161679295246951
0.2239583505459274
0.2335004455833764
0.2417228429779655
0.26963311045571237
0.20622152629618284
0.29433863023613627
0.1388605013892558
0.29148026876724276
0.28855484456362473
0.25350281672148767
0.27622988938042814
0.2459881376222014
0.2729533516269269
0.3164308252726512
0.1189163794111398
0.18613435595858896
0.3304697427486385
0.1895893328706663
0.19564627939729518
0.137804475326196
0.26496748900912614
0.19401300617301384
0.23084423342467666
0.23249888221976886
0.28019269872227104
0.20239901246014255
0.19009563267725493
0.25616096233886526
0.13125735309254172
0.16971792655311974
0.22121680674623295
0.18870922623803227
0.2974189922628166
0.09810527297780613
0.21260342698214152
0.21714748031605224
0.24257090811614263
0.22222066475726263
0.23948748198024017
0.12930849115003112
0.28532890918125264
0.014310544219314835
0.25803674397500775
0.0861351248292892
0.20025097542673534
0.23888255488189544
0.19842781416296412
0.28007082637255326
0.2088079582199234
0.16176085027769205
0.2814317954213743
0.1863444237049754
0.21390375907162779
0.17891627268945814
0.23361431051236978
0.2797363889963749
0.15202965160068171
0.03974917157948151
0.2474217615741721
0.21783363015344626
0.26862094119397567
0.23012728937065652
0.2633518784875314
0.25534437425399453
0.18119939312638317
0.11931225764436176
0.21579637182692635
0.12293380414061954
0.2932338398113999
0.22863227368539554
0.27127879477827455
0.2970420576305495
0.2292217735537012
0.2944113241963057
0.29451341510829293
0.30786167895543165
0.27205981430915044
0.22896856797690252
0.19048265784154236
0.22258686840461714
0.2693639740023801
0.2866418985454391
0.27089507664596146
0.3009906413058767
0.17758073841562086
0.20253491245703206
0.30489666838508733
0.17249295359520414
0.235149818681486
0.26594767774869477
0.19162404489657003
0.2434975985092435
0.23960048593388872
0.33922525249038343
0.07522591884603386
0.08123491022248273
0.30363593211848516
0.32868839286563606
0.22819571826243787
0.25623198046424916
0.22904749150755435
0.2594968494087046
0.1123371820803468
0.32419821137576366
0.12359738919423027
0.10623596183380166
0.2319025461889213
0.2121204641384207
0.167026729144499
0.2119694160966354
0.18410516300066365
0.22307655624172967
0.41881579288279375
0.14931994581757427
0.11393483363175626
0.35742122463103143
0.18024437656182055
0.2870306677656534
0.2943724384126246
0.1781866059181494
0.17959374904142156
0.11917561536748426
0.1926508791257585
0.1276329056795147
0.19278092537359762
0.23738437901318205
0.19541166569760393
0.214060222752957
0.20371107908271566
0.09755381104183533
0.22845087713933
0.27164393870769055
0.11446383056083415
0.08302434030900636
0.16585359570044778
0.14085503534422192
0.14397089235368543
0.24288025678805222
0.28448154300954864
0.15859365646627374
0.19046152298071434
0.4109548247037003
0.25198078969606397
0.3117185396619142
0.26064894591008686
0.26290142110087955
0.36340538162661107
0.1340253572055303
0.2077384696801421
0.2354415929223613
0.29812108876080357
0.22446913203084848
0.2800974377498084
0.19905561112309378
0.24854847127827498
0.06724568430397597
0.08574175863279011
0.18096369105925883
0.09212090182145243
0.24445593804317178
0.104686955903695
0.16431287042791734
0.24840699284245832
0.23236755707437126
0.2597300913847146
0.2664815312785269
0.22777023772648042
0.16481273091289697
0.30031246524411104
0.12325096394606343
0.010623967829865959
0.1800995344872303
0.16895345014692242
0.2038387688182659
0.19353221424388994
0.1689023573655223
0.24753176055133885
0.14581665492326162
0.31323476454979327
0.33090876053598395
0.16680360342228048
0.12919778620529626
0.13891972464823188
0.21087378215981467
0.34305097313084665
0.21993134015437935
0.182473024417332
0.2572262953673617
0.40659006209542914
0.31963741729706824
0.0901637211510696
0.1960629364438288
0.2528372414367105
0.2647581604457852
0.2699077428559835
0.2811677011963359
0.19291866514470515
0.2514872572686427
0.18017871619665501
0.23153859284851294
0.21878721091911582
0.31887258299050614
0.278360291652014
0.2125606228214404
0.38169749799619695
0.22322787993826868
0.2884001906460875
0.4505017748376792
0.11061544652837943
0.24783431772980144
0.21323213654867745
0.3480088277855746
0.17868932829548229
0.1600828047855944
0.19443586850164096
0.1469808264457608
0.3186479576422733
0.20931014259591346
0.06638623686948643
0.29045170561381206
0.23252570800611935
0.07342786519615387
0.1309449220380615
0.22806750044731156
0.3086987555155032
0.24661687630780993
0.19897872412809803
0.26826772978684515
0.22757752774232906
0.2101415773557645
0.1598928459423776
0.23236991499505558
0.19482588605679055
0.2643646254961651
0.18116523796179146
0.18303153146061818
0.13821280354354173
0.24526420878381305
0.2854926296714685
0.10847761993826509
0.28157213828895494
0.18006606936324693
0.19193640838467696
0.19551380445556363
0.15960300553424253
0.2236021409491081
0.021854410313264346
0.18099235010108825
0.2508731586598116
0.16507861976645888
0.363336499431424
0.19410235575625637
0.32506501728083487
0.20333414804075356
0.3483153082386184
0.18463653972928668
0.15085223669527092
0.31934968367971195
0.17061037983014277
0.3581728661189621
0.14321413660747231
0.08171001385476868
0.21258796769346677
0.307212638074314
0.22156482808821484
0.23872303137665782
0.33206060700492407
0.19056118020565793
0.20525375758955136
0.18904933357618103
0.27729314119380716
0.2482770192692789
0.2022761044086118
0.2808948523982807
0.347193336558234
0.28615419431387823
0.16250610967550813
0.16747170053531968
0.3147190465153112
0.27322302207872223
0.29192039955630433
0.13876995919420898
0.3332724632815397
0.17538287391420887
0.2604487122633072
0.2611596477617935
0.20028096447316796
0.24746619771827402
0.12766530918257848
0.39158940195514397
0.28822235661796664
0.2743788548833273
0.19671195477433406
0.14684636366031278
0.3168735729717281
0.29575101454143027
0.25807965104866826
0.07055924733046448
0.2118737099148943
0.2554170494018542
0.21544075099441393
0.2807867152718501
0.14575698617329372
0.32478376301548495
0.24970313416170065
0.2960914632816465
0.1775852640842416
0.13761136367149399
0.2501155058875189
0.2711895518655564
0.2503634399467741
0.18688775657982123
0.18230110018807463
0.26901545081130146
0.32619067147608766
0.25587357079818795
0.18326232366694023
0.24172986961643173
0.059856903360662274
0.23932911968019055
0.2976466191608059
0.15150221797415064
0.2271022559147812
0.30871748186428316
0.19782678431387601
0.22262660215639496
0.17172290670432366
0.25010986528770923
0.34882496184225964
0.2184210038196933
0.22300355911332692
0.2991860228674305
0.13404708404000293
0.1507462316182899
0.287453911159828
0.15267957366076063
0.30769832566094973
0.2680542216106943
0.2772422789011715
0.2655390572309756
0.23998821102528226
0.31456481848475265
0.26619203154042925
0.21747475047581777
0.28205679636905207
0.16939179222139458
0.24649132519190173
0.27513485639168034
0.34071730535408684
0.11791748811901107
0.16302602714178188
0.19839620458303378
0.2395726920771097
0.30091737786395045
0.3190140316583836
0.14121469240160647
0.2533543504605047
0.22547661907610908
0.2979402818218169
0.16462014754438947
0.18167691143050846
0.28232229695131905
0.3027882943161325
0.20056736866422423
0.18923784878728844
0.2848893602666172
0.3227440065197068
0.27985016305170196
0.20897071651574553
0.19192907032269
0.2753775777882489
0.36565333570124653
0.2624333883599299
0.12126657572836982
0.15345180274761394
0.370217523789844
0.3625107118051057
0.13899130331553505
0.31712888382493865
0.1476350010006876
0.2926091326145508
0.23019026560010622
0.1936152167558112
0.19392142402126922
0.17974037837222714
0.18463332811606922
0.1311650717438542
0.2328098137418641
0.03096561171423368
0.41619407786257073
0.16208013067488156
0.1913403627809539
0.33419544344206203
0.36283742870429003
0.11789290890722942
0.2008586096072488
0.22269385004120162
0.20513790051075795
0.2756072604210541
0.2250665521002035
0.34594028816702155
0.20735749042833632
0.2511958749161179
0.1976036870645936
0.21644533979604164
0.27877253654724693
0.21708186863100995
0.16079951071018134
0.2006649115177217
0.37043880130720763
0.26462061094390765
0.2545584505630421
0.1067597687981906
0.25680540341432195
0.27547244256730785
0.2637588102740425
0.23692385717782588
0.25916195877870557
0.13646134267637564
0.2279647001030288
0.29115971499035415
0.13231082137668138
0.23308824921741514
0.2288212884279252
0.2487158341418223
0.21284345556327178
0.17436408228562328
0.293866603696689
0.31858751995003826
0.2189528651656616
0.17002644289573932
0.23601739779548858
0.23299038953707224
0.22075443931099398
0.2883545896556801
0.2829782179911789
0.18817431983128766
0.2944045800865746
0.33328784585711035
0.19747573005924746
0.3149098520439114
0.115543705895133
0.23161417997076025
0.304301943027517
0.23516012073586584
0.38136658629262266
0.13798278900691208
0.14924627947509955
0.2491254744692064
0.35715151886219454
0.19936337442963142
0.3085075676241301
0.18440209341468755
0.13869919388841917
0.26433025959083806
0.18834409175758376
0.2963368617503866
0.3716504163515555
0.3018009280919209
0.23462089164808714
0.021502686703127178
0.10456578387757907
0.2282208851738203
0.16948090502030397
0.2538611434231097
0.16555275945657294
0.24767763317992128
0.28434163238051846
0.21183827673340916
0.2627832197659819
0.2755941809714632
0.15317305349820126
0.32384640682062726
0.2686809267105481
0.16031147975638269
0.15464552891203526
0.3021607848339182
0.2870976818043775
0.22663988442721666
0.2723594565412497
0.16861590234335466
0.12658273449021204
0.313663166422015
0.19526867254287722
0.23345441897487595
0.1408525836062233
0.2821505370555468
0.19813007091691515
0.2446909959873739
0.19604274954061765
0.2772878856628468
0.10282312032218224
0.1631430926289377
0.12040950441549458
0.22351719750674426
0.16804785278049145
0.23678899587025792
0.2736540677625258
0.30534379589007093
0.004158711157193864
0.3674759427114101
0.24625194727712152
0.2775018244849095
0.2011109682790266
0.2563128254642659
0.016801801937305724
0.17075912044376015
0.25983825734154786
0.2546383719738646
0.13846817390513824
0.24905144140476135
-0.007014704789434831
0.13094678554826716
0.18400228769509283
0.17580281436427114
0.32731796440131006
0.12395363603407171
0.2019220220907588
0.3387522858668954
0.32257665349890724
0.2947073441017504
0.40222816547477336
0.2571127829276
0.31325847938647333
0.2667738611465939
0.27491452035630315
0.445827768688304
0.3454061565138047
0.2628319883641554
0.20971243545669427
0.24382795920535438
0.27349543990126185
0.27293908240455333
0.13529260061641032
0.12106614603321991
0.3515074440664908
0.2404255569095417
0.29442625903069114
0.11906419645042819
0.24494109795559613
0.2984128633712926
0.10055171538922693
0.22677417094600513
0.17041685598922376
0.26829014408050117
0.17606284565713867
0.19092563556039072
0.272700942507452
0.23519727726950662
0.1769069325256651
0.21330182442317194
0.10086517590167794
0.3872816106092226
0.2441573976428658
0.09206847380924872
0.24872823058348925
0.21969855197755328
0.06725249658247018
0.22075692772984856
0.18218788582150125
0.33932047725453
0.17525822967710605
0.3565838672458621
0.049462878523299475
0.25874601516572804
0.24638057193343635
0.1797863551466277
0.11756369855885607
0.30658962832400155
0.21672594509571075
0.3601339854896979
0.27092828613456843
0.16984438163375518
0.24249041789252035
0.24914352808572918
0.17923226259605485
0.238586475701619
0.1895550715847403
0.24882999753518678
0.3399985044143682
0.21051248223337712
0.1653006452410186
0.2012199720921219
0.28338425204695544
0.16055740249073636
0.4072701871648696
0.1407574990152374
0.398010774132204
0.24892255882072278
0.11218972069955643
0.2534719969764364
0.2823240648865291
0.11380960490963986
0.21528470373246325
0.20370087122090597
0.1541641358091067
0.19617197124749883
0.3313416688684764
0.24469592405737106
0.2548069281876243
0.3003478621775772
0.08752433374112897
0.3469546952280503
0.22616764145855225
0.23315711110402873
0.27465600224600967
0.15377187534479286
0.2188967092766766
0.15517636515379996
0.4378767870242304
0.1268243527901392
0.16628630315506662
0.15916990914937534
0.3651590431381348
0.22066490122497784
0.239377484919029
0.1302140084302322
0.2336828522940777
0.12821514647613555
0.13938613990866083
0.2025760546016701
0.1323376696478649
0.1546742130097983
0.20187781701084215
0.28209911857111186
0.17624370452526913
0.32704580431735053
0.1313248162872758
0.27100368108433404
0.19621319284025085
0.24733604739833964
0.3448872123988288
0.22336314715709932
0.25932799794155925
0.23649693799785332
0.3256274632601348
-0.013381834379168648
0.20245950607020582
0.08510606202512197
0.300558232856294
0.3202558608341115
0.16521707379266984
0.11981204692294885
0.21614600279716797
0.12242200170657594
0.3259715244452326
0.3488071894969797
0.3629718351528577
0.14626510643116894
0.2562069953088322
0.22722427418031038
0.2632621730012693
0.11303556415556441
0.0926012099191791
0.25414621790005015
0.22485204044901735
0.3020297196558519
0.2553855355116174
0.16755085755896726
0.24463476701871964
0.29116817962164576
0.24132735918851964
0.24242335575666207
0.27078337716501083
0.23050381914591578
0.22002339265371312
0.1934700257668753
0.2418566060007806
0.21568010946901378
0.18169665706809382
0.24794744135012953
0.16931448217210263
0.25920761372695206
0.1656319410364342
0.26308719291800164
0.28678077466617186
0.2383243583291508
0.2732838259322503
0.347334051792169
0.25212296823251124
0.3669676625795487
0.29796058017918503
0.32362968097585004
0.3379174666462752
0.16899056298457182
0.19493628696539367
0.23148192251333272
0.22555310796444963
0.1952369185976701
0.2401185685690132
0.18881948315655045
0.3083586111962717
0.06225232653801073
0.053106518416901345
0.20352152685736258
0.09742241825775108
0.34778747455137915
0.32899521243430113
0.2977282280695413
0.11223714867250478
0.31396147894802184
0.20282481987932355
0.19006556111804418
0.24609401996555313
0.23975886783303132
0.16863025123350237
0.20057386912900682
0.11712039540973342
0.2643103970444596
0.24698320103512958
0.3722180920099487
0.17482205785406454
0.1830652615452265
0.353977557016342
0.1779066414214521
0.22147043257126986
0.13446363154679478
0.08705107862210427
0.27408232021893436
0.3331756639036571
0.22124379922846074
0.3238983297587158
0.25263170162937915
0.23184732490106652
0.17382958121450987
0.35361367081306017
0.2958314183423717
0.22927830276335898
0.2904228302034187
0.13522871155801644
0.20834135193701953
0.27517251669902515
0.20034033895167092
0.26314145836217856
0.21556836101888216
0.413863513523398
0.23763413569418718
0.2013173577143318
0.3543851040351025
0.17032717952372678
0.28510541877673956
0.30222398768562203
0.19483056646726438
0.1444028782687737
0.12738872353910818
0.32045316533577073
0.08880226480159432
0.17379899244113278
0.2794684043263996
0.37294768813387746
0.2625673006741453
0.16121520978726406
0.1508905630285896
0.2792754339124079
0.2736501493325749
0.2797812584358853
0.25242487581000195
0.018612509551545874
0.1254602073770559
0.08330029862320452
0.25069270040616215
0.24365285279312526
0.13516614299883306
0.1791402216136474
0.30658795185788024
0.1987914838476083
0.24537850107211387
0.22440080222894834
0.26011042068335277
0.2733737738272419
0.2974533271987838
0.3744507678268911
0.2766015614737714
0.1857628686256002
0.251379118297008
0.28810922074233686
0.21423853815708005
0.31334914994587426
0.10689811164263291
0.21508090971345378
0.22053308618894657
0.3987526962962678
0.24531742327374004
0.22520079489896014
0.138832462534859
0.12890631653733342
0.27026197476418884
0.24653175929805923
0.23250814664299657
0.19575735956228016
0.25631494224964724
0.29129441405955453
0.17138263370752987
0.3642269427950403
0.21746875992582784
0.32636167524493215
0.3142841715576723
0.2945530111713278
0.41528735605215755
0.37347964290905444
0.12420198290676492
0.21990317357497985
0.20180057335775017
0.1003456461067718
0.2531947201244312
0.19081148665420428
0.08894560499989063
0.1346010669400306
0.25530755158493595
0.2011414884148852
0.3061461855369477
0.2775223657590485
0.2517464300014809
0.13983752967854163
0.14366647827322182
0.12801825278834053
0.1668276540657525
0.32349045128865717
0.2727264934021897
0.22775252729439058
0.29102337695449654
0.35555811722686664
0.32117815736016475
0.22193694708514689
0.14992280440842795
0.2014904536675453
0.30005916512970016
0.09891295912101176
0.23007257212289878
0.1386705296983852
0.23404443958755772
0.19557258016697535
0.24458778521084568
0.2556557014133863
0.2097514447978646
0.31630315277743
0.2862016915882511
0.12178137005627562
0.27711094059699676
0.15213594526438518
0.21066382096486447
0.33233235953121126
0.1168448459618695
0.1497484481378214
0.17178262910869685
0.15400779270001116
0.3993787801336719
0.27016516372974064
0.20346906526672032
0.16350472457150558
0.26962173594061367
0.2894212377140427
0.2623307366736914
0.2821257667088255
0.11725217361702331
0.3163530321217907
0.2857870254680283
0.23492869264452818
0.1632735964161734
0.2591148102047358
0.36801352170063867
0.2356374357147042
0.2767276043856914
0.3597365586954148
0.30996609132341013
0.17353069849518502
0.21815980342621405
0.2574692445273905
0.07415789981658259
0.35485242858860566
0.27055132724387015
0.283047734237776
0.25910979034382475
0.2990885180911393
0.07440161534801897
0.22466343994833718
0.14241733741535592
0.2567826065966023
0.18469215763137325
0.30794817587315915
0.3270058067004875
0.18013416031040322
0.12580009012829835
0.11968251830626364
0.2726941674190186
0.312150392725544
0.21616023508508697
0.21801010200839996
0.29862875471519834
0.36437782834105337
0.2557407471635863
0.4088111320155549
0.29914899712928217
0.05351982218909731
0.05367263217494339
0.2418084264160961
0.18149651239859163
0.23692282109789442
0.1560536464849935
0.21551056451668746
0.2029963551235273
0.25681217275537027
0.11376305563383365
0.16216202568475777
0.09421100924931522
0.2688393347592204
0.18626452877250085
0.21245636673159743
0.2543901430120852
0.31291731744464024
0.22486149328673363
0.15111932729460206
0.3300855978643085
0.31159723954817653
0.26705283596392276
0.283044455122691
0.16966310692209763
0.20996942786112746
0.23214006535404913
0.286149493753844
0.08449106894659775
0.2101993880475399
0.29408926248515604
0.27995879420989866
0.13827941273451358
0.24105308316882282
0.2296151148292428
0.17032570495162336
0.09632764969733768
0.3940765926185723
0.19655389394447592
0.15440951417256057
0.2908519449249136
0.1622926672708862
0.22147526784101224
0.2374272956606534
0.20420144939406978
0.2560543890608461
0.27988725415979365
0.24066112886704769
0.21926779348579076
0.07954325394750306
0.07018646604574096
0.23375883869471456
0.20639951357218148
0.29639606918190764
0.23277564524646494
0.25105923829001703
0.19426308272793544
0.1704421311947256
0.27792665449214093
0.27089908740578894
0.21355831432039626
0.2537437566700802
0.36143714198747473
0.3939219513480539
0.2531784205438241
0.29235431378155563
0.26265608472465646
0.22753425299661736
0.13434451771750877
0.2287386475686396
0.2418719161214457
0.27114871970031446
0.24204366959266943
0.2009858396121314
0.34825491460211155
0.14317724079190142
0.12948848566820165
0.27532260141331827
0.19212852417112178
0.25040693696805477
0.10501149111235258
0.2408784373462791
0.27101522573211995
0.21623966767246855
0.1857779934162559
0.3446703757684585
0.11848025595858905
0.20717961771735197
0.24238201491049924
0.16652050416589162
0.13815244408343294
0.2888661185922318
0.27861434181255934
0.10809380152466615
0.3007549494704636
0.2777330419724235
0.16152647640485246
0.16852140906968124
0.28855820526354586
0.3244864551121545
0.2313187436075276
0.17271079277303378
0.09090036891486938
0.22782391140919306
0.10649444522471939
0.30607975791219316
0.25881723856059
0.20015147529554034
0.30322040494202007
0.2717597481349719
0.28047525001341667
0.2899290517809827
0.3456851032620348
0.3806390910569221
0.27955821492967514
0.13063465948330358
0.24241628529685033
0.25255919487075995
0.31976186022967346
0.2836265378294731
0.30075801153828796
0.3078379867809187
0.21416619257933245
0.14305811113463313
0.3657228047456599
0.11885636038033703
0.260317150638305
0.232896239162733
0.2444415508102056
0.2891615877077601
0.19964705417510434
0.2955221728985401
0.2889437970903998
0.30439773538301196
0.17593495303139373
0.23982550905692906
0.39296565387660415
0.1437379224843541
0.24992617157455174
0.2741843339093695
0.2171528266637858
0.27293751481238393
0.1995007505119001
0.1147728372800154
0.3239253398014045
0.2233445491830362
0.14384240856776032
0.11607018783029666
0.19767611744715222
0.1798399479615525
0.23320359123034368
0.24789087834658993
0.30977310904418504
0.41658271965571403
0.18231342753615698
0.31332201639596263
0.20148363170311112
0.19946593506476606
0.22108572570916935
0.27983159319353823
0.1954062969220525
0.3134442143519414
0.1685475125972876
0.07480384787117136
0.21952592784402228
0.3162977950605174
0.30104102357553886
0.25222747719964883
0.27503647339703585
0.07950163053159215
0.24300969980151982
0.20269935044003623
0.2477501280067873
0.3285373121350956
0.18921822022123436
0.3501939641055427
0.23880809921566443
0.19413449461663795
0.153981993628362
0.2945230560615597
0.14412939851094247
0.12005242246379476
0.2301482896201255
0.3754307697133841
0.35761441668921473
0.195478233985203
0.25753231634745954
0.1934175869264138
0.23898705264175266
0.08362713034283949
0.31849813354131074
0.15709634020177268
0.27353296870265614
0.14510320001447974
0.3704825558253511
0.22820097058061
0.16480702203462103
0.17487405641907422
0.11688123767280484
0.24167741186534056
0.28264709523052384
0.28131151867237275
0.2645090881399911
0.19303274842484405
0.17993286852194085
0.2257644174062719
0.29760364613607654
0.17634152319916852
0.39890542388063027
0.26006025891259044
0.25148782726873364
0.217247196492559
0.2710262344264567
0.26771211787919996
0.1385618118008477
0.12881489424761425
0.32674150790429335
0.3055831531538615
0.21259996173655538
0.34765740393587796
0.10904495083880335
0.33436059633152704
0.27663573498962135
0.291414577200857
0.04441291302393007
0.24750526955338026
0.28577532047218035
0.24107118014095874
0.32274050343983895
0.12012458260602
0.14512958361226969
0.1262856338380545
0.2934832119694595
0.29754784215905433
0.17591714747750115
0.13856883704598197
0.29004407295198714
0.24893428867276923
0.09770030331363792
0.1830781418198653
0.3303417897669634
0.2128655448013485
0.30961424985461533
0.05980055265408585
0.23794144687091517
0.2561592673766188
0.20902266790863958
0.24627939072664376
0.21032299502510876
0.44335734370998553
0.17461799522791402
0.20220663635685499
0.0184978036951596
0.34638345192410364
0.3959646310807237
0.26759571941470595
0.2979775468519682
0.2504985839221154
0.2615568104085894
0.2547207871851204
0.18623085200985415
0.12355577068067648
0.2181038499112059
0.30641344601398784
0.26194462409593633
0.11551394844643555
0.3013881950858525
0.1634204947616132
0.23734649184740625
0.26667511758680446
0.319265395765146
0.30472235310966583
0.15664671072160033
0.29903028844009233
0.29467443725744763
0.2919792821248554
0.2074232885210661
0.09121002794058693
0.24373371338060848
0.2726672834441999
0.11576758135259006
0.20081128110022375
0.3110305496756595
0.3010615137258637
0.2734901731872183
0.2548863109371024
0.1451309667046938
0.21283776459679501
0.22011512848965098
0.2539417088635532
0.27480850204318114
0.2754466250317647
0.31398419696939817
0.23731187208402488
0.19820802531651485
0.2998826941345288
0.21554105993495334
0.2705418393361127
0.181973048609105
0.21641371808385806
0.31263071831687617
0.1796934237550409
0.34402048084467496
0.18954692292256367
0.18096886295511525
0.18101650768340596
0.0583027342955694
0.06705689900104911
0.28620814182232535
0.23977665197261785
0.3821573894163657
0.10070492304549175
0.36616205943946734
0.08593627961808066
0.27138802259072703
0.27803798819206826
0.25815327888257134
0.2723621661992739
0.21003792060508528
0.18531239623063048
0.2841677445575487
0.3481988561987606
0.17149225839489163
0.22429056800948943
0.17024627339129686
0.09534895147781722
0.2807576582761993
0.23365722047409773
0.23128282096699174
0.09896623883163048
0.09765100494740069
0.1855001321578154
0.24298680775676906
0.22377149481864136
0.37872108350494094
0.14075138039724272
0.14504120204379356
0.31248728965415373
0.22196757597975592
0.2540922685577559
0.33129855583403206
0.24542315944751672
0.25672312215589094
0.22218832122108523
0.22495764204487828
0.24465796237844636
0.14630165140169082
0.18358820638675785
0.283511642528318
0.3790427359245483
0.26915967790271855
0.15638881531270166
0.19350275571880612
0.2691921426539973
0.3228659391633115
0.2880619871891474
0.20343974279813756
0.41537511372767183
0.1346060757163493
0.12172808854391123
0.22804845757089537
0.25300832973399046
0.20923016429210384
0.22273848283402736
0.2343236312414448
0.28964134620592835
0.20599460864878338
0.32828717983963007
0.1220071913333445
0.15775761442544498
0.08394220550471194
0.17596132772502976
0.20235730594007137
0.34183008337991744
0.06044423982971277
0.2448729608817415
0.2731030344925056
0.13780211374442605
0.3317437485546181
0.1566038788351054
0.18666601217050066
0.31606985549636746
0.1942412253963127
0.12773286974574574
0.23724483581562233
0.3861309852443126
0.22943219857640615
0.16381160313322998
0.43013059825124067
0.3570163676855183
0.22897799669521363
0.2531557079220878
0.19247447136564155
0.33268485967592293
0.20777927291380466
0.19513045318226868
0.2023486372146999
0.18111454035212268
0.1679840566510456
0.2777151481778059
0.2091752898975419
0.06147670105414258
0.2569543129512077
0.0974629564393055
0.23306091035054327
0.17819796174172173
0.3813144856915492
0.17687868001977228
0.32505873559076354
0.2721641830288411
0.18612001774674486
0.3217176669414743
0.20518431982654925
0.2636532825080377
0.13422369173761434
0.3623484513408479
0.19066886611925304
0.16879286380668407
0.2377339066267261
0.25244749507342396
0.36301097171822394
0.21766956806587331
0.2387973610853775
0.13935302375258576
0.2306217537580747
0.38481632999483195
0.26096321411673523
0.2902698284317268
0.3058746196086496
0.2730492461531848
0.098466488197985
0.23840681351792628
0.14045799487654453
0.31851313319635854
0.35497277770292546
0.15153888685356262
0.22641483737014834
0.248301035796954
0.04308689415716239
0.20815205900085307
0.20624037376357013
0.23562480560060742
0.3416718824272035
0.18321945792033897
0.262444647156743
0.04642792204445389
0.2807157732161004
0.2049188681053061
0.2796124232104578
0.3827764726854749
0.1986552472263234
0.12693285613405297
0.31028900580535995
0.1310017614093136
0.42232925282709305
0.2681784101245097
0.2313004863581292
0.16651877868776674
0.1443855554503131
0.22953191616480698
0.30356284874044354
0.2757123888119257
0.060485857380596524
0.3211414740087159
0.36663594449805087
0.26995437453815585
0.24040578503990503
0.12208615275898622
0.31290336251318857
0.17660522145045135
0.2195286369617277
0.37001151920208286
0.2983478050877523
0.24608207911927618
0.27497958524588667
0.1950950529250816
0.34882098017832225
0.20898367915621308
0.2377189551506543
0.2869352119929874
0.28801875431998675
0.28127595499890307
0.3171798075676515
0.17433707298239715
0.2645432945934869
0.27938578002832876
0.27704895834821847
0.16234514637432582
0.24191771669157686
0.15971439437491963
0.23720995656807972
0.239207660589597
0.2776086551330932
0.18628145443393168
0.15835476403662507
0.12548041979509
0.40165632546408225
0.3438051539698195
0.19896975468329586
0.43666707890091194
0.2337609019773688
0.22079593347875545
0.22549983386929548
0.22202232558226837
0.31110466040554396
0.21426152168061902
0.15287916010906347
0.3391168432207972
0.29606782842439977
0.1610928916785801
0.22078104366556925
0.2927822958893687
0.20556813312468303
0.2479338926920278
0.21843521345132122
0.1536116530650829
0.1791129056604781
0.16816086483479117
0.14931409458783124
0.2027859509247707
0.2718365085799281
0.3060316911615752
0.3129410943623274
0.274744942299756
0.20779499391005252
0.18984063715025976
0.28967016847933347
0.4040674753596216
0.2297223287003783
0.15317666205391603
0.25280548687737325
0.3059435500400261
0.26309108640622514
0.21367641686594324
0.13321928802989777
0.13868928728583158
0.2428958091806265
0.2735174089678489
0.12486186933929731
0.21807333655069477
0.1908215831226242
0.27282314480650816
0.25834253303083843
0.15639385557446514
0.3062299964332667
0.264909355597907
0.27239550467111995
0.22826415957286117
0.285357827482297
0.3374862583069054
0.04793781559643765
0.27062230848455826
0.2642488624439545
0.2610415285020945
0.19360277145870877
0.179675600063149
0.27053437336907377
0.18882664150325273
0.2631174066583332
0.37349787556451886
0.22927912673564954
0.1844405910831648
0.13282563876716438
0.24220816031840628
0.3597542855797983
0.3100362824158285
0.2030529536281135
0.19972737324089418
0.3874129503870776
0.04761967248796425
0.1173797442190577
0.19035982397557302
-0.008745102615230088
0.26054556024615755
0.04204569910892344
0.3042852245512232
0.16630876179853668
0.15311661168980112
0.21242934549235826
0.18386065133967247
0.036752857900205
0.2831746513192398
0.15138140522963311
0.30933136390633087
0.2909708426639929
0.24827730307620915
0.34613641797299616
0.21080285893744383
0.2985021481941994
0.23333073556922024
0.19637927767160923
0.17063893605481187
0.15554595164693744
0.34268308181790524
0.22398570866862585
0.3145591598573079
0.3244943970487439
0.33799826079293915
0.28100685682672777
0.15317408880770228
0.30490201547483514
0.22127582525710082
0.31638848608214315
0.33123456300292825
0.2623224027778509
0.3243189706264239
0.334167745456
0.2668972951778801
0.21974237061464716
0.2849796491814829
0.2459656867249338
0.2335931884686869
0.2700798424700923
0.19042079681735818
0.11660902577401239
0.18291264769232615
0.12281701316575287
0.22098496577541935
0.3813785986552885
0.1857782579846168
0.24971784800951333
0.3241349003398899
0.2957201586562113
0.18953190858982993
0.31369151689873
0.3388630578515663
0.33713683683962564
0.32075609000962596
0.17964068133887331
0.23495438745881586
0.03416623261241465
0.23222954457224929
0.2352846426653961
0.24979144431964315
0.19766103270955995
0.24670525389010783
0.23314786595145748
0.20465676685732956
0.17661679557275242
0.326482835389113
0.12399328187292846
0.24709188130450396
0.1859582694772434
0.4146079801817432
0.16816259132943187
0.28899870274387873
0.2843635843408759
0.09625763903538219
0.3036373659733622
0.3018319522976043
0.32949441922572315
0.09109325369464777
0.2607029496241385
0.21498626916518024
0.23264912419881367
0.20991560047816793
0.04643128497750405
0.163993431146899
0.3153921775424036
0.39979136972541623
0.24565306166473616
0.2988276596781381
0.1703063550098919
0.18416162272500955
0.2600794558453421
0.32422779002529334
0.3131648269436441
0.2874781358255174
0.20199759800698036
0.26857682542454653
0.32228121925989134
0.33867834040477107
0.20044438312300616
0.27848824034942443
0.21267312199692545
0.2888678766107183
0.1819028195024493
0.20292792889201594
0.2950010984127898
0.2516334314144702
0.28878163813084495
0.285359015775686
0.19133706763178693
0.11382226956720201
0.225996985033586
0.3048251994326593
0.39827785342813127
0.0731380440024789
0.18939629804454705
0.1955424951855759
0.25178201830624236
0.20728233172221563
0.1209137300421387
0.2720266224333204
0.19421059195199114
0.2145664257919788
0.27059706420432766
0.3379558762409735
0.2854808530435011
0.3185818904207583
0.3403038014304455
0.32613875606365234
0.17593677328408994
0.17122873341359934
0.2591676537925143
0.19488201915512093
0.14880247591529142
0.22648283169385944
0.21054966428193947
0.14435158450863217
0.2018442534458214
0.19677268818607985
0.32589686604679224
0.3035463433133749
0.273540667457909
0.30679426004385585
0.18829060491032512
0.17612046229365266
0.25208024887342817
0.3508365839617455
0.27977953788074145
0.30840387315244305
0.1619339097429386
0.2435865489029057
0.11511596724868173
0.2500838598443131
0.2949205239287813
0.3449934846799049
0.12456038256160942
0.27326678199855536
0.2938102845076778
0.20537976634496874
0.25173964328486315
0.2537412920769324
0.3245429719392561
0.18369103997134195
0.2620114457250804
0.2707576926920382
0.27682644931253997
0.24764932428221065
0.18392540633524418
0.2848648726453489
0.26428021686229497
0.2929718865394534
0.25492043650515783
0.3418255804502489
0.2196459697492598
0.2433615604193305
0.1790669736477116
0.11421444489437987
0.2759169827958333
0.32164112154058805
0.43112903207421543
0.275307391581253
0.24986459169046693
0.16931584720365236
0.3049011105272343
0.34434451767668794
0.17252370923005983
0.2716808690124285
0.22615687078917618
0.22690774517648019
0.1993979235244348
0.17511603256200103
0.2247872083957674
0.23116021280218976
0.36795100934012837
0.29808526518769335
0.3431581536004474
0.2997126303417666
0.2498973878432735
0.1744744487451786
-0.07749054457035995
0.3212866795032543
0.2075993524391199
0.24000899900980374
0.1566532345287275
0.2625594694893534
0.196259301307972
0.31361594725471464
0.23316276474778852
0.02986866574046869
0.14879386393897304
0.3417858909056876
0.2075794716989029
0.2824904388958354
0.23470617671471194
0.15341155101293216
0.31296206524330544
0.2765338561727697
0.18641837651577206
0.39990353285064245
0.2700348040960274
0.2533917595470879
0.26820886218751494
0.29753343370263624
0.14919369209863942
0.2580571605782606
0.2450455997392369
0.2844985570461267
0.2687324005038563
0.29446294783274063
0.22788418518852577
0.3642015739070443
0.15847465583542533
0.29770649315506026
0.10031320396969692
0.3028278747720462
0.2155497095817994
0.17844896754278916
0.2746649186996115
0.3275064166253822
0.17926381812782105
0.2359675294885883
0.3499438285951856
0.20779474977413886
0.20623175849456524
0.2757878312339876
0.03900273447470751
0.3088019233647565
0.218922376495361
0.22737611747242753
0.34208425731117553
0.19113050837664156
0.22364716475568516
0.15524694473777303
0.2774045043776745
0.21175484576223028
0.26513748944018256
0.11950549880450202
0.205707921048955
0.36138507462365643
0.1591891973701621
0.1319351626951023
0.1518605902543744
0.4326018509662763
0.36363021913527716
0.2767448507561895
0.3272330445893285
0.3413157694365671
0.2829635028543105
0.2517560542222841
0.17300686554804512
0.2438253566676192
0.21514599045130287
0.31270362051315986
0.2741240993233389
0.4807963662010177
0.2267189253097817
0.25263657205152834
0.3541958282069056
0.21910346459028507
0.27014699688715016
0.1672075145360481
0.22911952132611402
0.09047124866674996
0.3088058265126189
0.2128976383976083
0.24627097939612486
0.314744081443621
0.33183013141355155
0.26165021051286586
0.1759861758665779
0.2803469300033839
0.2350740540236988
0.3078362651219504
0.2354911131193379
0.2887784307406321
0.35874154905236044
0.22323737388154694
0.24688905594567664
0.27611386520526976
0.26641557798912635
0.22529939061142434
0.15518362140247907
0.035474272772985864
0.3940337483793709
0.22173647510844965
0.30182966819115314
0.2319548473245596
0.34872723565874963
0.3150155461408384
0.26081848211897973
0.24059056692787975
0.233411772246091
0.19861508822361934
0.14397316289279574
0.2783103674052257
0.17047921912560723
0.2714956069350247
0.27651491528494904
0.28004822207796537
0.19415010105604652
0.19963797758376323
0.3227877245666816
0.31926405903694477
0.30748273742641347
0.18395790168682472
0.1576462032992677
0.15673974584287279
0.3281140606748446
0.29382246072942275
0.3407924889326398
0.2156996780595086
0.12773475564448575
0.2031305077028712
0.165290425784493
0.05638675563844313
0.14666260136119286
0.24847357358347588
0.3341635977833179
0.22856311048629993
0.43678557200557644
0.19537913755897168
0.19399337589065815
0.20045668879322645
0.300331713999121
0.1497399885938121
0.23506727981178865
0.3469899730550259
0.252232105571481
0.16004965661869683
0.2115434630904954
0.4025176450108352
0.2781745671648366
0.29700872470251954
0.2245523637692765
0.2594236522913106
0.18540652883798434
0.24232489127957313
0.1393630615170326
0.14971472409518294
0.3110092740382994
0.25127437384507006
0.2956153440605811
0.3189743869876292
0.2489716392822012
0.23845773353203245
0.23675154317914854
0.1989562560031325
0.1443420226052793
0.18690132508867321
0.26219607275988566
0.25117158944789325
0.2701078735225006
0.18625998961368542
0.22067654749142643
0.17388548745206678
0.3171199920005235
0.33648396681630943
0.14978478018604524
0.3016311545041776
0.2876788625704785
0.2234050728423709
0.21180517068934065
0.20968689877574376
0.19782886399321048
0.20564677192064718
0.38274750671301033
0.2707628963968807
0.2880416243769945
0.22568095878090547
0.21951695403915283
0.2681525320540565
0.23051913373774474
0.23672070204895657
0.3466507942101566
0.2975663041414247
0.20579643576215353
0.3842553831889521
0.2461179355447607
0.1987467399301966
0.20514659261805154
0.28227680844550673
0.29873111272037856
0.285136227658939
0.3167815479936106
0.25544119042123226
0.14165326924972815
-0.05603784537224727
0.3163302815414374
0.18330122972445537
0.08565317961678667
0.2836937512455946
0.25063463940972874
0.3275886283095172
0.23969202087067049
0.23991867660676036
0.2862071381831333
0.1587256187312598
0.291229842160222
0.20584079034581618
0.32852655618076526
0.2817276958659828
0.18934662815257336
0.2544846876768155
0.325854732723524
0.26554582604139504
0.1851571751210038
0.1409984491613613
0.21997249209731864
0.26356098511626636
0.1848196858666723
0.3354913521015713
0.26368622575161227
0.2791571575228024
0.2799601250065614
0.27983190958763265
0.26903275037401614
0.11016467920487892
0.35297585809510296
0.2803892319976289
0.26623110321164317
0.333313802064253
0.2387513041524873
0.24472570968378374
0.35417407030660036
0.24983852130906123
0.2233957235952675
0.22197441515122662
0.3247090162751497
0.1595361947508035
0.29321282198152143
0.21161467662697495
0.17295128492498957
0.33275777460068967
0.23237847067003348
0.3056529619831492
0.27021397123952573
0.40063769625103895
0.36965665241725526
0.12315118793177088
0.2983242562025734
0.23775931096741837
0.15656882037097705
0.25009278408165775
0.2700910993556455
0.31754457833707933
0.12647246389274916
0.2914971745737406
0.20556033075787777
0.2626472418757672
0.303951168332748
0.166864104533343
0.13561232292206815
0.2669844655648961
0.17388180596045658
0.3339013738871269
0.3275897582006526
0.3004172066638971
0.22088655459142253
0.25279962952288315
0.187770259567725
0.21501359484279917
0.3038479412172244
0.3433069008677827
0.21318880422877315
0.24138923945580512
0.14486416804095403
0.2487655837214059
0.19746327992176693
0.03289882013699417
0.22044754949602763
0.19633641562416806
0.19855979390707035
0.2953376162834812
0.20062536143384613
0.38304798778147875
0.27957204129266555
0.20731036537492376
0.22794266023342083
0.1787917420619281
0.2422226402350023
0.27505693649306645
0.11702158982197959
0.26315452935978223
0.3104127604737052
0.4028095418990316
0.16238428672498922
0.40772684499606965
0.17923348853928922
0.3977224882898558
0.3638850291008719
0.2706582835766933
0.24474544142141827
0.28487307027662745
0.11730216841446495
0.1610661229805298
0.1862210604351186
0.1618939115460184
0.12304033161808592
0.17020657287413393
0.19686333027496702
0.25160858675763814
0.2859535843177691
0.2402313684876096
0.23000540388099652
0.20101044221126999
0.08060513886026775
0.16513327394823762
0.1913540292791695
0.37649420723431093
0.19580604066888316
0.26304946431401954
0.04080516789146154
0.2997895423692387
0.2045805153054809
0.3527476972037394
0.31298389133055443
0.0994461632903363
0.28251115006589034
0.46383759414944004
0.2592555854415916
0.32500219747253195
0.26174410847490664
0.2541522004834109
0.20953702581059516
0.2701127751743262
0.14977787586870328
0.2215890126107098
0.10224721428567587
0.12158120453542434
0.34249892794426395
0.2066579891675672
0.20209517783533826
0.30947346447146534
0.27368821927647013
0.3447296625305689
0.19791885571170703
0.13552992243533718
0.293739027380316
0.16993590676102557
0.2989966606133663
0.15734545714070972
0.18348925539534622
0.28628084991056385
0.32120889431831096
0.34525959372923476
0.08073378590703557
0.18343379751707864
0.3346479991340883
0.279263721984638
0.14130991518886227
0.22723148440536226
0.20500243039632568
0.23927689287344275
0.35836542764355295
0.26726237834639854
0.24562515469750018
0.3355830755330072
0.2911951367359087
0.26233030244891536
0.26656516559343535
0.21912528202519943
-0.05791295225423282
0.28143347390932016
0.2293508791787966
0.2968015999426114
0.23323354240377867
0.08854325075136446
0.25833920111253844
0.1681239088866441
0.1564420229072822
0.23545569192083396
0.36269298135052713
0.24007167918332376
0.31078475355230956
0.15863971624372863
0.11216306087043053
0.12534844480036114
0.24368855846081058
0.2289929745190463
0.1405432760340547
0.15935800243377232
0.25323883062022784
0.33214348003727084
0.280619990590883
0.35689279509901634
0.24221408072819287
0.27171945272019166
0.30257974250428904
0.14551921816753266
0.25328738041817966
0.31147939327894664
0.18560089336742766
0.27377358386498823
0.1948292767650946
0.3724071515197938
0.31023833714818577
0.2853376038215366
0.23691060460517363
0.24577980245699255
0.04924751773683909
0.39543386181068785
0.11927509988885676
0.35135059452054995
0.286596420203654
0.2843398384049387
0.19003654187714297
0.292009128802205
0.2289570649278777
0.13381769633400623
0.25419480252121257
0.232904537014226
0.2586166861943646
0.31517446463219745
0.2406773917830324
0.2258915946726963
0.08672474710404104
0.35102510970464285
0.2514190002113919
0.15447413623730732
0.1274323610367367
0.28267297446035405
0.15818827800436486
0.26395499418931284
0.35891907518948507
0.2721448848278118
0.23306300059671461
0.1332838280493327
0.07532291537270258
0.3141125753895396
0.3109064929239819
0.19116371519092634
0.29189126179957137
0.35852951025885
0.22382132957460577
0.3065241371878381
0.24278709815544375
0.3068056832508902
0.3014183228594909
0.20749628304257656
0.15397933903601452
0.24242295300305103
0.18672002318528202
0.24810809159235325
0.20011850974524983
0.32518310937848754
0.3538846037802733
0.2643369252585846
0.2726657866167895
0.27141130821020826
0.3174601306612713
0.2778867773264543
0.3167922931594205
0.213247122864322
0.28184929538741804
0.17327054848911227
0.1748076322018225
0.17100950733174064
0.20344122388039487
0.35666758576451024
0.31705080825263304
0.2319312385307024
0.20481786621830736
0.15500354319044019
0.2919769706084637
0.22481490627237669
0.14710512427831088
0.18805342600188552
0.3340683279299354
0.17725439207870064
0.46811139796247914
0.2393524514753924
0.3456290334217554
0.2333324266541241
0.3435870363095641
0.22831811980272618
0.2087870886662207
0.3151928119261909
0.11332449103106951
0.18582768022426002
0.37412342312968716
0.12374667990492334
0.317801163853955
0.358862222589395
0.27751363095772186
0.2975149530880821
0.14333118344498852
0.3523966809423037
0.32349657027440815
0.28401892140071483
0.26785361722014384
0.22565499051212637
0.2166882196877598
0.21233868777507717
0.39524291536325185
0.24515478879985475
0.17811592869208656
0.2261299014434167
0.1353201793271973
0.1365619809815337
0.1977119593501432
0.2983525813271668
0.32850784804493466
0.32361569034683674
0.2381970005304013
0.25218955641129265
0.18683549659985554
0.13942352445503012
0.32416075253525534
0.101729966937535
0.10450564257852255
0.19092798637262906
0.3555234918833321
0.20939838295945293
0.20034958668488212
0.23281323562830183
0.3780342316213271
0.33360335348167147
0.29092446276894085
0.20168910215350322
0.3663070651073981
0.17973547533855938
0.28451270717106636
0.21622577019502168
0.3753742973876286
0.35678238187668326
0.22821050011950925
0.2116520213628518
0.28162038454766175
0.1286712657215978
0.0692281420667605
0.2960312843576577
0.30207146273571117
0.30487620702639234
0.23228837310180897
0.2916371199975837
0.20395412690920836
0.3181051784359583
0.35599926835803225
0.24659703022854418
0.32996623971312034
0.33553337848162834
0.13141003295175502
0.2477379265102644
0.219156573749148
0.42366440752967544
0.2811120685455188
0.2590618016697242
0.38641073072715876
0.2337823097219428
0.16853488566048788
0.09781585150633086
0.23086717672117507
0.16802376606170427
0.1220078877654646
0.29527461396590565
0.31425366085201
0.34997943157941896
0.21132384788507658
0.28451979211959616
0.16436662437921779
0.29969425937712374
0.3056328826989307
0.13982074922891818
0.1373475484705099
0.18933361184283362
0.22972656236792033
0.1900642763851959
0.25526068571485583
0.23590834514587183
0.3542886730566678
0.2584900411964628
0.3478816785596453
0.10056225767377472
0.280855890223736
0.09742163901002994
0.27466568199643543
0.11829160924396662
0.25045552884063177
0.31980881858560095
0.2866163129441992
0.42751415345178423
0.29816805743772923
0.41294787273615374
0.18987739110296967
0.2532854386303203
0.22767166953778242
0.33525941475948295
0.26154785764801153
0.2268058542822946
0.0695525314332468
0.22674857683067398
0.28556819151566515
0.31218019013788967
0.19242690945547486
0.15271054744812398
0.15130612912662925
0.16786082489493517
0.2911331932453819
0.2520311737427474
0.20414007609189763
0.3593007452201442
0.2337528796446944
0.20000262908721703
0.10882808354702661
0.22810051216052135
0.1494762699483746
0.33956236441186144
0.12526879749301487
0.29448960890031733
0.2545848784935996
0.20025095723818165
0.24417818546031783
0.1910308271195997
0.1499555971145172
0.3023108846276488
0.17587503148215383
0.4860536455789125
0.19950666207993317
0.29397140396088944
0.26367749114196226
0.18395848983687216
0.2994219867588301
0.3371506409225975
0.15919711995581923
0.1079799576435212
0.21327922278035916
0.20492136850162634
0.21573935955944218
0.1835210409093608
0.2933680540961147
0.3565920304803039
0.2489753229032806
0.3106067068742716
0.19004778435156125
0.24636552363382186
0.22656058057130907
0.2654732208486813
0.26054039711071875
0.20666932759170503
0.2564649873322879
0.22764518068049402
0.1710709868946439
0.23398092020812022
0.17265213663135762
0.2842569941226893
0.21280887836404566
0.13537847711155468
0.33079315904878825
0.18034443510574913
0.17699490235111312
0.15763316241655564
0.29325575629828066
0.2474251383514951
0.3812445431779472
0.13274225688064537
0.35454320164079567
0.3038680349891082
0.22176246473457273
0.2875772669538057
0.3414588887655804
0.25526171448677126
0.13879593161134612
0.2961624903306067
0.3033205451724897
0.29803492280025456
0.31178816840838364
0.201365772897541
0.24864579614590007
0.2573018825690995
0.18799584712495968
0.28333173550317337
0.32454439105717037
0.2379964199678474
0.253554628442855
0.3047762587500004
0.23636069099616328
0.2141796002475645
0.2973196535729933
0.18614483098487392
0.13370217770317624
0.23624495622991418
0.24196423120072794
0.3021980487316093
0.18247234406419652
0.18522888415746247
0.2952558976734587
0.05952879179632933
0.3226245106840303
0.23503953160545282
0.22581395267068
0.34659849509961377
0.3816400641341613
0.26259775432721427
0.3827719788528623
0.23811100573573862
0.2694149876082922
0.26769390721056635
0.34249906881049136
0.21606050406697339
0.11556332849908799
0.30887507958386967
0.3398525375663866
0.18846643870787996
0.31338359052159037
0.1084678070318244
0.1100204429817015
0.35329299820594623
0.07655291601587072
0.19689869421368772
0.300323904085743
0.11970219029020605
0.06943300216913878
0.16835357436904932
0.07297179083132181
0.19108826862901723
0.28475508391473403
0.10367650301781764
0.3266935433970546
0.26186101708371834
0.377740525962917
0.12199071291847102
0.2417443157227797
0.14392573947996468
0.18016391712355656
0.24141970276419375
0.2451922277674245
0.1842876653007667
0.19883760459022667
0.2591488184380032
0.22545493338529263
0.2280927633318783
0.21154231245592328
0.3173863193910496
0.2353579776381847
0.26784030867927067
0.3627457459583411
0.025787174810779252
0.2622981005410936
0.27138580827563974
0.24966164490176676
0.2425433846653553
0.06960840861011044
0.2755894813467225
0.17731627198028693
0.2057518374780175
0.27738531654987353
0.24520961083798354
0.09569526020620389
0.2360941114080221
0.2729236972183165
0.13213760274889985
0.3363711010351218
0.0831376528529544
0.15961253784633875
0.17789652373605228
0.23939273220852456
0.3031666346788316
0.37563405467725985
0.3640544435289108
0.2793927206435731
0.22520014791774426
0.31373359130578515
0.21279031818168798
0.21986014226386794
0.17444879082594864
0.19693164287674972
0.34470186909262907
0.28351352647073497
0.1885281583904835
0.16895330087456542
0.10766267942159613
0.2503233427322123
0.22107434368403817
0.35525196206425746
0.34246325198467775
0.2206602661135911
0.2958120488751172
0.1930821769578275
0.33394104011129966
0.19345786760332778
0.31004901979830557
0.39027633924020044
0.3091914336664086
0.15252562813202217
0.20500064714755567
0.20977423981654003
0.22682734288232134
0.23948788296909002
0.21641171975424134
0.23964697140752958
0.022512039459414646
0.3629536061923986
0.3374554009599603
0.2019834312635069
0.2549215532398828
0.3506911647685639
0.17046272592715328
0.31311014166979656
0.25380851262697157
0.16830954086651448
0.1984813364360388
0.30123862404721086
0.18469023349128175
0.1361769751509402
0.2433204786201838
0.2774191440796613
0.36317439233538484
0.20756195488593496
0.18909646240030129
0.24337981426659816
0.26759116965947816
0.2677476037539344
0.17982690211139446
0.2724840605819612
0.28998281925782804
0.18304632770124865
0.24853005954308968
0.30072629408205737
0.20181806328780083
0.3021305365705972
0.305170002033262
0.321900769569035
0.33223945034856756
0.30013105598566836
0.22998916701124317
0.22777603535872995
0.393849898503726
0.27392334025397624
0.37960432633809515
0.006957455936100918
0.28316061261809167
0.36397553804711535
0.23139857221623625
0.15934304511017036
0.3042066834162405
0.19853443945868243
0.30072855116384545
0.3828811209737543
0.12235959555935802
0.31980314024633366
0.2429328586128963
0.2418860332564651
0.24138343010825722
0.32350082979824185
0.30836612874854447
0.20979766216317297
0.35102881004031955
0.14095943258389057
0.2515360316975155
0.29601725506424414
0.3587113445042467
0.19423917056483755
0.1519662166802963
0.24171493248242945
0.2393559525879694
0.26348783535384307
0.24348367584948555
0.21750558612842233
0.3014391386700452
0.3798262451630235
0.2035643530905233
0.21462006735431383
0.27928937107711266
0.27068400560619904
0.2488035620555718
0.24115560606507735
0.3348628378549463
0.262049609204311
0.12448350024340547
0.24889512384320486
0.29435607609146197
0.26956371776392696
0.2403647031667525
0.13126764490162152
0.24580214372716822
0.034028636908501705
0.2278161325498758
0.191245256132377
0.33109368091728864
0.21859087229328608
0.23694906573501856
0.20339678273900508
0.22558737608078172
0.24221287888719778
0.27434410915003177
0.1859635379836101
0.21543691528422854
0.3424849110246542
0.14830448672742552
0.18596449899973425
0.3036199222309533
0.23303134448094656
0.2195617867022011
0.23127056890847725
0.20877679679007785
0.24893997011574037
0.3031576864669013
0.13140355025856965
0.2814935295090434
0.2229073180694686
0.3222044967777568
0.20215396448922893
0.1559127265155531
0.26419176763087315
0.11939781646916149
0.18934776492059324
0.22552206854339932
0.3114074357400681
0.20214320870123342
0.21733740933640797
0.1376715023493909
0.3116913415316558
0.23004859913700895
0.09834482545147141
0.24437824086362134
0.16889222829228476
0.25009148294566846
0.24890347499308504
0.17161635613109902
0.3108454468207137
0.23208832608987018
0.28852967435892984
0.1889987412635414
0.26870281912249905
0.20399809482667097
0.2735649759953251
0.1681697776946554
0.2924392407127217
0.23351253774299127
0.24608184891351567
