0.2621111461604847
0.28062044501391425
0.3585917421697915
-9.995639480314368
0.527758171888219
0.6777112739770111
0.452034255634629
-7.523925084482919
-4.560031832760869
0.3092593700416375
0.456445966828886
-9.032881753834628
-8.17474322928685
-7.2432527118780055
-6.574072046699383
-9.032948509708913
0.23795379902456454
-10.0
0.4505659684198795
0.3101324404381311
0.2231675293623709
0.28013572366202416
-7.628166224530197
0.567949954183049
-6.516035480775921
0.383980614154612
-10.0
-8.395943421890845
-7.780977906053023
-4.781321941930151
-0.8051949324032118
0.42731811272332704
0.6497176806273676
0.3827111914413674
-10.0
-5.475562493098278
0.442562593890138
-0.35949621677354915
0.09047506427390016
0.46352655869790227
0.5616456823243148
-9.008939116680217
0.36763820082778154
0.4955793512463638
0.6268891250037854
-6.81254572567817
0.4248291852333192
0.3040358817590449
0.35275508884801765
0.33429711439985704
-7.735376007344218
0.6111581652827998
0.429499850739105
0.48466369009384236
0.38064378786040926
0.21308070642186447
-0.3335021632952665
-3.5232548191867012
0.45970667680008137
0.2672779527006452
-6.109267074292018
0.653354083735948
0.5734118783824849
0.1258466039402999
0.11097733762887899
0.4345765434000327
0.43906050120390994
0.6413389211397849
0.8560614056316156
0.8581617805881945
0.5767525232648656
0.31618922767312624
0.5862966077832117
0.5022800789159141
0.24845673460120907
0.3660253411699194
0.5395796527664893
-3.2840551430928904
0.4890875284914956
0.6449427481475293
0.6249663993982287
0.9577639188800002
0.46135387302309716
0.27504886312038446
0.17589341619804352
-0.5269642114649133
0.11643378467489295
0.8998490290246001
0.6084705272609214
0.8072426557411911
0.40409915585137884
0.5201233133684768
0.19875071515476464
0.6269005767703597
0.4299725494724626
0.6582989997498682
0.5628624064482799
0.48652665781837445
0.6783192648416319
0.615584418285464
0.4544849771804354
0.3684235998141221
0.2995053704079961
-9.001131848814804
-1.9534068198410213
0.7215093255944824
0.5965185414540057
0.6471950465405036
0.42540775270717623
0.3213477380617817
0.18869085675491615
0.13106810461835006
0.47687318405752
0.6674340243904846
-8.438526601761502
0.612820661289612
0.4795869215374679
-2.3865515776662827
-1.2324573933751868
0.39735511944230006
0.6181203954926175
0.5167213657177511
0.5024586268357811
0.2696652427982315
0.4627216045718755
0.5030469829112085
0.6156623680330117
0.6909412751783832
0.33410490558449624
0.5440725951622065
0.7234465720049107
0.8062069248361441
0.37346156497934496
0.1673855747347194
0.12972730375736696
-0.5712025662195208
0.4918694469042586
0.621930029827834
-5.648636579244486
0.5438865054341676
0.27925289826897076
0.4887903611271652
-0.28692368709907445
0.1417103121496755
0.44649506178665305
0.5285417593362353
0.25643635455779346
-2.0630845938275617
0.3289668093505226
0.9125921532645284
0.5044949185112186
0.5585697128549288
1.0
0.449888217224542
0.6870101472665678
0.5974999836317636
0.5377176374547566
0.6162727553271988
0.2879502256421807
-5.442666739548584
0.4433516697548903
0.30367862146826613
0.6329441057559243
-0.3480417281579204
0.32600655820471913
-1.6244102767430293
0.6308903596502704
0.6134281583856104
0.3435977912834348
-8.098917914458447
0.11840463374774104
0.01491439897509872
-7.580010589523493
0.4752105872924773
0.17935025128311555
-7.039431225590991
-6.8995980140120405
-9.02392786537178
0.3419681438073517
0.692646914629285
0.5562788248818177
-8.219255110907966
0.4383351520301787
0.4388733732038814
-1.7754566643157847
0.3760579549151384
0.3992168354545771
0.3993619073331503
0.10598590969521157
0.05384464937063793
0.5491242282520944
0.28812039427270214
0.5284408253235859
0.38523622305828037
0.5135730468723434
0.5076941678641176
0.6213337772127449
0.335573486715086
-1.591221273711521
0.1865672430774084
0.3908482913256934
0.0766862569484258
0.36737694142383953
0.6043422061105974
0.737338932340406
0.5175713115874747
0.36551649913019796
0.1696408809587552
-8.938127307720439
-5.593378334920573
0.0
-2.1861489200624544
0.49920718233598155
0.5877608869905683
-3.6571938797907757
0.5733040478657723
0.2991485741969103
-7.8614222043622854
0.13153150183899373
0.4405336215256442
0.5998741845035787
0.5709076636105858
0.43594417308172656
0.25825117237156975
0.31204400623469214
-0.7379928064924146
0.41620983140336715
0.34738308015941466
0.2521327998641199
0.4087970759441431
-10.0
0.3201216364310313
0.2722572965929563
0.2781958083914215
0.34474795774233097
-0.5344651571931005
0.3358598010288302
0.302754149634976
0.2339965331343245
0.5619741239165574
0.163115000732659
0.6464054577008627
0.3579661344661189
0.15562964296166412
0.4371550202683912
0.6627582346839559
0.6120367790538102
0.36351667119883935
0.41737114591836766
0.4997976903324733
0.6065031121457446
0.5698694025511222
0.5800706082511217
0.31540055095312053
0.4232256604950779
0.28724876432535484
0.5354401879218363
0.40713352431777294
0.3969712266606331
0.2873174601316853
0.3731324573354066
0.10540879693593684
-0.12683938478700163
-4.675240257385429
-6.488546885671348
0.6681167844167895
0.9077395410884839
0.7202386781076441
0.4219292849740275
-3.1937245947462407
0.15842219394536272
-0.25961891694290307
0.5298354484189115
-0.7131135846372687
0.3030009810459687
0.4520298897412447
1.0
-0.006695305480387215
0.5533454550330602
0.5472805252319741
0.4814148388304666
0.7732241479089171
0.2503775034577819
-6.610967139637212
0.38716358471779805
0.5223646408626522
-2.7246282619324886
0.5430541910353093
0.2788308012937212
0.2901718385343631
-1.9720422944883316
0.2082552372250761
0.5803209860057812
0.1399001224793867
0.7716192085281587
0.36261276083854665
0.2828783697275971
0.41011350827844556
0.28200049298222035
0.5952945837537145
0.6522394121375449
-0.8310555538790472
0.4115637414510129
0.2652623477445374
0.37291376054459396
-0.8862330082483972
0.6050108176455793
-1.9985867796015928
0.5619876722105415
0.6355283683735091
-3.630793858172852
1.0
0.45415053737616823
0.4052856839316986
0.556159112887424
0.4755722503370479
0.5062145878379151
0.639584198998463
0.3856259253569307
0.2908815368057273
0.5462323930236345
0.6020919267437358
0.6475373443560694
0.5205748293149474
0.6453417423801731
0.40954910217523527
0.6308279648723036
0.42280765589622377
0.3827128409590011
-2.9437575633015083
-10.0
0.3175463482611801
-0.9454199830639343
0.2704166901672575
-2.1920920057270483
0.4399817244219827
-4.659669128673219
0.5497669060132852
-1.0212938745341567
0.6614948562570109
0.45668340020511783
-9.395567144259907
0.5909070252099117
1.0
0.5068260607386035
0.6174933688800535
0.5089593563435898
0.6042970389288457
0.49616091270382523
-0.173426170240779
0.8856429236810663
-2.913636694781048
0.31467543997142583
0.07679621371124672
0.2791502440517841
-4.947870410169958
0.5064177177919916
0.42969206759258427
0.6703734243107795
-7.240094607350303
0.3884631345084806
0.5221712729026394
0.5629611366475942
0.3689952556026799
0.600142624487745
0.6346767115590458
0.6807157074195931
0.3338123040708323
-1.072420992592133
0.4719531101368368
0.5938106426859108
0.939546742922061
0.5922758656893693
0.46625313441652905
0.48387606575241104
-0.7266951346940864
0.26761031852559236
1.0
0.6750139857847416
0.15248316720752753
0.7604481494775027
0.2259561341577431
-1.248256658794039
-3.07541346182274
0.7707317326014143
-0.1883896441264111
0.24183752076966966
0.26909929189478093
0.4599227180246043
0.5471394159967248
0.507388529208799
1.0
-8.360002800650262
-2.8372677546221303
-0.3104322622021638
-1.0327422538896849
0.7081456394465001
0.28524547584887233
0.736423445030157
1.0
0.9613932619659237
0.8369584187142772
1.0
0.4765602379997298
0.43122140174130646
0.36091002751158924
0.8266468902370219
0.5128854668803822
0.3845549420564443
0.23760166639528585
0.4522913232083375
-4.1863040195701995
0.4289494225391943
0.13902096586346147
-1.647819451338945
-4.316493635466959
0.47620691057055237
0.4050805121925238
0.3132732218153675
-1.0778904804684715
0.6389125327483602
0.6199435253060456
0.6639921742867011
0.44800764083727346
-0.2861540938810228
-8.44511994173937
0.3439610862399128
0.35812476328351706
0.18188658132690408
-0.4939353341761745
0.4474489201396776
0.4061113639431726
0.3831175158787465
0.3456638656112358
0.11839706598951615
0.34716717869311303
0.2891110966148318
0.4575891091735386
0.7812811837026938
0.6449093225014021
0.3193926851723315
0.030556735906970445
-1.4658782030871231
0.15931848330159493
0.5064135141549116
0.4381896470534944
0.8616587604958319
-0.47564037296134953
-1.4206477589814386
0.24386868199225753
-1.5442241977761273
0.5013664771217946
0.5846260778272157
0.2760865938006093
0.5739898441591733
0.6590348693994582
0.5667957634840334
0.4579295564786892
0.5886401341062998
0.5003280151616804
-0.3473714713280686
0.3992017620795942
0.3210752930663402
0.2876105201799893
0.43604814392009206
0.273652095336468
0.39383041916962713
0.9183624276103552
0.5567203065652968
0.30346457783114666
-4.071854698531019
0.6595329169243964
-2.630781429732231
0.0876825335796185
0.2678994194535434
0.5579320595527958
-1.6314841463092984
-0.24999407704377807
0.27420431065363804
0.04972455171810225
0.31464927042036744
0.6359301287552667
0.32730666182687634
0.6556446703785089
0.6525514357847243
0.6590856459772599
0.5026427741452775
0.11610809068837884
0.3383638055042407
0.7582862124951774
0.40407826487848114
0.24927083114704826
-0.18545814270248323
-8.168948889736116
-2.7609610267056635
-3.3018463759907126
0.600512519251429
0.2607685942980598
0.27696842526561183
0.5836283258667581
0.563780532087812
0.4311180475366415
0.5667084049828071
1.0
0.2780203440456686
0.48237753828870156
0.5922302851533552
-2.6161888598542933
0.2102700235567326
0.5911082611130158
0.5652147685965629
0.38855159133698847
0.4905836381474857
0.3496670024221778
0.4821766088527906
0.30282906045549296
0.7332048847399456
0.4139939930929122
0.6275508274961923
0.45830979582412673
0.5728662267429275
0.5807762943099603
0.5643107022777782
0.533926425503843
0.5394800711879278
0.3125366841725369
-0.5980385885414896
0.4867964786940267
-0.0042758804036772124
0.3381341069063363
-0.07028292924546559
0.25009241602298726
0.6378230612323211
0.9098732020263244
0.3974918905786123
0.45286977938280204
0.5959820087187444
0.3599834394904609
-0.6568964426337104
-0.288956172926961
0.6274516992701419
0.5845666925664497
0.9579979184572869
0.646607832561836
0.5709587139952195
0.5803892120121276
0.13963047638963835
0.755372349578995
0.42252830995405094
0.5744643542735081
0.6022254307765369
-0.23626886763093247
0.591713632240598
0.5109577899591267
0.5789592271465426
0.30366026729925744
0.5447475094570792
0.3591611152489886
0.48297769365614496
0.3179832551452951
-6.136814756039359
0.6545304971028121
0.5540834545446877
0.18545066072368122
-0.0733069438980403
0.4953001267421382
0.5290133956021764
0.6712055869088546
0.48674469756437366
0.567554655826463
1.0
0.594393737536848
-0.16052906420450747
0.3755975057742719
0.3916223420418804
0.6105840903760865
0.5196407018702757
0.676042880245355
0.5044269764547252
0.4212401101991444
0.586735075185363
0.5300500488644062
0.6340439964832759
-0.7315711427643449
1.0
0.6081540435234499
0.3794481277114409
0.3380442093676141
0.6128681886381452
0.20282202525821572
0.604922840079792
0.6896481253398555
0.6259388901780331
0.6067802336768213
0.6228288097999503
0.4341570421531373
0.30972883747327346
0.5606320331452048
0.6021184955386887
0.6109258439702175
0.5783689348411799
0.5027358299787867
0.6086913222278886
0.26243385050886014
0.6258898229206511
0.1428757927527449
-2.8738790637831015
0.41696034966385226
0.5630478150114979
0.5706363847348281
-8.14629095018008
0.2679845789841731
0.48768052132261636
0.6422738749208577
0.2441926653444487
0.30266731943390596
0.42405326172315905
0.4075181902764013
-3.883079320790555
0.5782970135703454
0.6004563067482115
0.1460699694560053
-7.246055071802427
0.4776737812112674
0.5655224921562544
0.452501053590394
0.33473886817130566
0.5277517149455553
0.4227976375118677
0.8441615458371946
0.2279864454489832
0.5327006243407211
0.3750917034573096
0.5142418584770201
0.4744185795756309
0.3332075085131802
0.47546597857485645
0.5956439100271216
0.5954310897355344
-1.2463048727869688
0.6287191710153637
-1.6692342893153835
-10.0
1.0
-0.7070726774322342
0.2662094224173161
0.2159631981652647
0.5818210266101511
0.4472744308129742
0.6479251756923525
0.3511650353592814
0.5977534354009497
0.06013856160219547
0.49383993137403803
0.5513163799096935
0.5423022201284677
0.4748441752692089
-3.2444643869431156
0.4645464161086833
1.0
0.6172958257091388
0.1636304344311335
0.8279996855759367
-0.13979825360469658
0.2997148874280431
0.505030452352291
0.3608275688534714
0.6144078877751447
0.6247176439997817
0.5257884048804022
0.34297524582620964
0.38608285043854723
0.35215880889938334
0.13194948144311983
-4.65040102316053
0.2874733087321191
0.2827301365915619
0.4253838573721016
0.462517540936335
0.49182363962927633
0.193180325109078
0.3729782655304984
0.6179450006286007
0.9275142214932033
0.5952188021516319
0.1959603988835916
0.5624585996158936
0.40122715947065823
0.5411895837953717
0.6151413411562472
0.3543904563974687
0.12325054284006948
0.4037846193738648
0.18256031412178073
0.6168273667005343
0.2163417067588453
0.5485746603654977
0.2459153152900432
0.5959756619631976
0.36440200967571185
0.41465510760309665
0.4842977035451623
0.4705422557896844
0.5879232991974808
0.16867993943087634
-1.0356645981381516
0.5265059519744977
0.45351142481344653
0.151211600457483
0.6396211361633319
-0.2679563221359258
0.49049723283864044
0.35224439475763364
0.6658592380725242
0.1163975362473807
0.672624626146078
0.9281003343898813
0.5544222829590008
0.4291811191743627
0.574795133970615
0.24048521184900717
-7.432902278742584
0.5875784877270847
0.3507571412934684
0.7361995404427191
0.6410503720518963
-1.47188289807394
0.4629239795539554
-2.276273450594632
0.5095023829904186
0.6251976653244964
0.5809506413211142
0.5423862189919668
0.3214382666633347
-5.7099108783594374
0.673646400918877
0.3918142209536039
0.46448942969041906
-7.470377538057615
0.363968923983459
0.10402116218188467
0.18758637662008093
0.7233172664611754
0.26684201738708435
0.5360713914597577
0.14007900552465605
0.5902451882933029
0.5340972477392705
-1.5813272407104264
0.5641505058723695
-4.858372333552202
0.4155723500669098
-10.0
0.303534905393134
0.5661616257653881
0.3543243030426468
0.5485822343802036
0.5453770074898523
-1.832542445171706
-1.9361382773465663
0.5894303129417464
0.9565978466471851
-4.221927620045377
0.4548241870383627
0.6390286594133575
0.6043327043766356
0.7840199844970035
0.41006495540901583
0.41033883196414134
0.48385722074725046
-7.642039619524946
0.717789248457842
0.32777556428248833
0.31659144466223577
0.5296821138250731
0.5508761328124464
0.4029676754444551
0.1387076057376305
0.29454825004173685
-0.1372698287865087
0.8384621484734337
0.5499290225835849
0.6117096184854466
-2.9209536712606194
-2.172019480105738
0.2855700098727088
0.6464545842444872
0.4018504577505588
0.5687289211878614
0.5307932443948832
0.34867453044464297
-2.7746841430212665
0.4799489695749038
0.6142012872784625
0.12728412243956905
0.6580603276709608
-9.001034787493936
0.3395252276712597
0.25704950574449137
0.48335109181942115
0.6784476990854396
0.3439420534565756
0.2673144850693606
0.654608913042206
0.5843246064477824
0.6180908838847686
-1.6837943513268536
0.24489384299089711
0.46032316636761134
0.5634408892355205
0.6066363960079129
0.47593361899210973
0.5600439514306432
0.5573084693027087
0.6161971764905041
0.10720855031730218
0.11832632450924471
0.39888037377575325
-0.9683606681772422
0.5797512092811812
0.2731581955061966
0.5226284581955452
-1.408358268820053
-0.5503234857862941
-0.4973208880420305
0.5496501272540728
0.5573565070236964
-0.18838298833694733
-0.17502558334674723
0.352774517065594
0.3561713270266021
-4.815454551547318
-1.2950981340908294
0.5995787847263259
0.4798431949882274
0.4574007366055521
0.3697129892936551
0.6342609134316199
0.9149630011023151
0.4877492192378996
0.6187241008282114
-1.3884522919529236
0.6103145805147769
0.28721357857239077
0.2836375549249404
0.5818207528651553
0.24945044694314625
-0.5078035494427768
0.6253503554629379
0.39868263323037306
1.0
0.10208139053977963
0.16954383469466003
0.5910337312842664
0.5370001878306542
-1.0054201597416745
0.3203093686504571
-0.629604248709001
0.48993073072258075
0.12953320195169435
0.6391752043599244
0.38109251546867473
0.35976411756129434
0.7218767380809265
0.23244919546235854
0.5895735201890174
0.26361305755310876
-4.505642762821812
0.6374901817522961
0.6404960120955103
0.3591373220980967
-3.1045753367619144
-10.0
0.6025775278838705
0.429392403079628
0.3891860828824172
0.03946204008294918
0.29035592672160593
0.7005584785804463
-0.47082624002004425
0.6491221732138601
-1.6700864087183436
0.6390635836919885
-4.222783012328749
-8.903742187685687
0.47007421226070334
-0.10755601758540353
0.5920929964592229
0.6978457038246068
0.6660479678154557
0.09076586521482799
0.4066241607058187
0.4504754218290475
0.5560065944916033
0.34164202279484257
0.6353722729506461
0.5737403401387295
0.11156899635035464
0.24881005877689527
0.2244464116862992
0.9418479412204499
0.3683958544769594
-0.43363839676786087
0.36315091782446435
0.45419871730385303
0.46609070615497805
0.2868297560316483
0.49912775885803756
0.626084571740881
0.3982219527802635
0.44729649977333985
0.508048607070884
1.0490152123093806
0.4068561479056839
0.6227109976724784
0.43020585251838905
0.2775278538784456
-5.15555235685126
0.3649270366860698
0.4652012907077069
0.6051240714611877
0.5138090771349842
0.26982841945918934
0.2587090599184306
0.5407347025939713
0.15596055748329707
0.5465381406001434
0.5422736255171376
0.46203380130616034
0.37574294583748524
-9.461598004029355
0.3438265016783662
0.4669793389693578
0.6524980457195703
0.24803462960835113
0.11692364843594032
0.5759599213086389
0.3683425537112547
0.34539027846732195
0.4102939931206614
0.23713171708895198
0.28656369852608365
-5.662142379047815
0.3682270312251366
0.09921655963527581
0.6539305034912812
0.5602840964534664
0.24916375106728178
0.4289789495049424
0.585964481997686
0.0
0.39678343094742347
0.487094734833979
0.498926600892538
-3.193201472485626
0.6800571525224908
0.9332969812332689
0.25799235295817047
0.3031140189060895
-7.603471290616887
0.37401322371773
0.6243954132579062
0.6870709364697108
0.4470017361525073
0.5775352401702981
0.4658729779559625
1.0
0.6695594335164965
-3.281020288399906
0.2720644362140962
-3.0690540116768705
0.4597659527974056
-0.6547742340466398
-9.114523205749244
0.7425225980155384
0.5515935095469793
-0.35805243863227293
0.5880977753695646
0.5178907638643029
0.2522824858135879
-4.39755417656863
0.9137557109600796
1.0
0.33627533873039833
0.6405236560890554
0.5313980077733398
0.26702372913324113
0.5002552618476805
0.27605138563720005
0.43025738751095216
-9.626855672348098
0.21401387215159182
0.5546072188061716
0.7195008607762903
-4.900007825623339
0.41789874599676197
0.7887663819539966
0.24125175331536214
0.9236481220283548
0.5333074453272189
0.8692245001590085
0.5777142421729963
0.35686652106921224
-1.5375725507433045
0.6205257677170921
0.3417092436369168
0.6199817865631965
0.4059584437924023
0.5413350736444292
-1.2955266761965611
0.11898415706771412
0.6400463174916916
0.48409162917961424
0.4063281159817215
-4.62324021891326
0.59441106630737
0.41918237959936655
0.6143310414270065
-0.049838129886834386
0.5022519985970717
0.548785065193763
-2.815204678592386
0.3163052959041778
0.2372355029656992
0.3582557491574349
0.7325245507688167
0.5213997495156806
0.5458773232921945
-2.6673281450562265
0.5695487898675613
0.19725325166569024
0.3104692105434927
-0.30966610953262125
0.18057754915449353
0.6248904245612028
0.6389343630298849
-10.0
0.4106449955657492
0.6198425106794556
0.2823595483297618
0.361636858928427
0.4610377221312097
0.335388293797778
0.5873534792993312
0.5157622683042765
0.23445030611808734
-0.6424205838333102
-0.6692281094393646
0.6235324054942815
-1.7796673996032635
-6.901631940370469
0.2531242663830027
0.5272075949021551
0.18351716383875122
0.6521966237345167
-7.3146127471866285
0.15680705691836574
0.1057830886306691
0.5496146082797289
-7.53025566714069
0.5206125481431032
0.4132692945839729
0.6471742523521511
0.6850065178085502
1.0
0.35940846525057224
0.38770461164816544
0.36215048463324456
0.5094150084035505
0.033731147600361555
0.28989719464407443
-4.790490782015386
0.528796407417261
0.49294156125262867
0.3312872984431212
0.40905915810195254
0.8323525106260454
0.670413265221334
0.23147120301281474
0.27537161974247076
0.37971355992136957
0.5018947095206183
0.4428940805028279
0.39190788114188724
0.29687050404717935
-0.2672335583194605
-0.817850117014262
0.5870951789715717
0.5314660505924447
0.28695720998331636
0.5778613995159919
0.6443778962108622
0.22973928554291045
0.4996809193717527
0.6050946901895945
0.6006223049954598
1.0
0.6135710431986181
-0.45035910625251896
0.24853890801303374
-6.964633928315402
0.9974358977703277
0.69193733322012
0.44818680241439013
0.6013311197846675
0.4342518500603596
-2.2546623844307927
-3.3053703992704793
0.4118959959181931
0.3638551277221238
0.2829497729525953
1.0
0.3875140526967526
0.5060981253081887
-3.7939429705681196
0.5955375960034478
0.4954665190705684
0.3036122609993659
0.39463632573736795
0.625063366149782
0.51202208086179
0.653286002494903
-1.4516940526932478
0.41984921681686094
-0.11630724662729358
0.41576172704361164
0.5836841920007628
0.25825605073133484
0.3585781584250381
0.5603227364027278
0.28577715591839636
-0.7224977773670935
0.3086539477841897
0.3767148684935203
-0.6354908007693688
0.33209352646709345
0.5791921607194809
0.5313061692333192
-7.8753370033672825
-6.48920516636985
0.29395270750026775
0.6854688886917498
0.6827381698682687
0.6000011250657149
0.24512089912853932
-4.540264727178439
1.0
0.6563072989371098
0.743531304876246
0.4287140314572281
0.5560306121122403
0.493154496840182
0.391516734319875
0.5433680243206137
-1.6876821538673152
0.1819529219220518
0.5913100644863126
-1.2614912316125686
0.6053019581189558
0.14598874680025847
0.5288887555397558
0.9057483653991764
-3.0456923897596284
-4.3072635711947465
0.3232857025534084
-3.7147004867023954
0.6050735282424617
0.9045139169296427
0.49048669122369043
0.3610975915724614
0.7513442060173461
0.8162768319459224
0.0170876216139228
0.29805025822116665
0.5495699685593262
0.5575819009460801
0.3161919981301148
-9.443498483416711
0.5132750063405923
0.31160355376233667
0.4597747237386858
-3.5067116432978342
0.11323501168911732
0.45811738455044004
-0.8675105193906811
0.3983098523767652
0.6862624867121481
-2.3503587764023037
0.36547485995609386
0.5684860975655027
0.5469101492955474
-9.146501125566225
0.2798437880696144
0.556416408580366
0.37250926630775905
0.5750769962838622
-0.3427618204693938
0.42692767867149867
0.6023806890939332
0.5938970281791992
0.7338434209217947
-4.162871657206277
0.6084422029467323
0.29880712333583936
-3.193669503773572
0.5791892040983523
0.5210973114719286
-3.7659803139242594
0.2977788757441461
0.8013791068233584
0.25659151619526666
0.41307826872789205
-6.418893125199329
0.18591987462719775
0.18093067771740795
0.5467503306706243
-0.5154755481578336
0.45502030527870607
0.507224121377862
0.3332092704223065
0.5097724756810597
-5.916096177024395
0.6905576117432656
0.2024538960001076
0.3444163909411421
0.6389765522509646
-1.9785660845422368
0.3609597689715252
0.551375573396196
0.6265005337007288
0.6185555627829521
0.5576656449817606
0.33063744438724524
0.30961603549560174
0.2675977155195993
0.410361433399163
0.6168877044740882
0.6315201129545899
0.5529068336023639
0.2818007527053774
0.4483542093215438
-1.4860980424590982
0.6143737683707232
0.2908374391570495
0.12285956039334107
0.36505519691602295
-7.503178487628623
0.543757291577144
0.33227949172831006
0.62270163657987
0.15039396547015915
0.3613590266086985
0.6676256238735769
0.5669735044697243
0.3453722881616627
0.3814311168949018
0.1308948834115541
0.6220239004002626
0.5765840559235637
0.6665457282520316
0.6638138348259067
1.0
-4.370912348760406
0.3357494139211037
0.12938722457236293
0.8219738316125427
0.5611160261654248
0.4010128618490666
0.6032339726841088
0.3733221041321685
0.22048371585438573
0.4971299631246298
0.4174098537106704
0.6521334961206932
0.02009917637883507
0.5079846149366063
0.35288103306880336
0.3546867225012295
0.11525234051268433
0.5980360124706979
0.5457794835250167
0.4435257851614913
0.3924463544985996
0.6140273463950098
-0.05873135717630629
0.8015334405053804
0.4682993153811936
0.1645650058620609
0.8531562007232053
0.6488555527392563
0.3086322347883214
0.3702913779605743
-3.5795970496134935
-0.20531370252582715
0.2563844844758805
-5.237902504341911
1.0
-4.892281274943143
0.7977323509209451
0.3197125422275845
0.5328525909517984
0.41158660191819835
0.676218274245723
0.6361642414115725
0.7859172717314332
1.0
0.5914400250043512
-1.3429112536326673
0.4611322891961041
0.8029926194672765
0.43093758306436425
0.37912588419495186
-1.483414621568932
0.08507454642536344
0.6178361604172323
0.5868876346487824
-0.850060197802203
0.2657715422661626
-4.136037021800018
-2.647981298222738
0.09949989618660685
0.6060208502585707
-2.7267184417069976
0.5330062369538112
0.4385846504997632
0.5168075926863832
0.6268979199856624
0.6418976860845318
0.24222826744283166
0.1135577985074159
0.8936177592809178
0.35697097748209045
0.6346910767902666
0.2800380100378898
0.14871255238602288
-9.160635945174164
1.0
0.6530544326596839
0.6185832943556476
0.5839955428125351
0.5068257905188296
-4.095047671216815
0.6298741629164638
0.6170928165090159
-2.0017671790986062
-9.056523962798545
0.5902422930605707
0.5479769962798864
-2.7870946566229984
0.4197919558879954
0.6055551071999354
-0.022638097923970535
0.2577624096044123
-7.360646983626626
0.36974818206493887
1.0
0.500521739958592
0.5273044935604103
1.0
0.5577215446113704
0.2181252684214716
0.4318619366853271
0.7184649416831959
1.0
0.5547201814749605
0.2907546925482849
0.9153075315048875
0.10060838294081183
-3.8233013498026738
0.410381826129666
0.3911583929085417
0.6900739989413991
0.11326524629738598
0.526066331265499
0.13166630277534463
0.320432158368287
0.3571075825012126
0.4825087544006444
0.40087842759997894
0.5728568393034538
0.5408408612965709
0.5288941697491292
-4.229069540722717
0.35404174682544165
-6.782246259745827
0.6235892149552298
0.45694507374303955
0.6318991072136981
0.28399544047462366
0.5351970288194081
0.42020683885394705
0.5374677017349436
-4.155371361564718
0.5942161280152521
0.3013847675528656
0.2527444331339978
-1.8234892516319847
0.588725165114189
0.39194015829669837
0.6451791576367966
0.3611625336461761
-10.0
0.5298716643376107
0.631124793356938
0.30825023428410925
0.4456614765872983
0.8641743223013721
0.22145531266286986
0.585151802040805
-0.053585169603715954
-3.643135304129436
0.36185643007060464
0.5914173379872748
0.15055886423865722
-0.15305190277890607
0.49609717837978123
0.5096448708035768
0.9150023227692841
0.3632922531621515
0.2774777721804837
-2.475950685778269
-3.079265021787077
0.49308397546473604
0.5685328953002704
0.6016201097245152
0.5401939849971122
0.4064921672563077
-0.21503982015617812
-7.210670470523211
0.913524613147966
0.57972281684808
0.34957550918167163
-7.757326209655329
0.13330400297842515
0.22590824818665584
-0.7015990557121519
-0.10922405265268165
0.37065747847690933
0.362493350972721
0.44342132591347994
0.5591772100137705
-0.3381009423708681
0.6246296703973485
-0.3317072712336187
0.43286676553825454
0.3364608934993979
0.6422937866127773
0.6419859709970273
0.3520971885418194
-1.8302817943927492
0.3528320999333562
0.2289400826538665
0.7429501588300504
0.20322611246528866
0.3050284833686407
-1.4929016096338295
0.5583118443752534
0.16125401646002735
-1.802697330023296
-0.48276127158452453
-0.14761711013781686
0.27230043312002034
0.0
-8.819701251473536
0.6031564590588573
0.6228889363265511
0.2689440971962092
-0.8768042970881635
0.4227436316590175
-1.2663028346765453
0.24920519247379397
0.17938205048638578
0.12680363059078611
0.39918962145920023
0.41941448693078576
-7.305527267139149
0.9700033195923224
0.388896468667655
-2.9282145584299553
0.48370892674652954
0.3659165101140244
0.6021629704071564
0.11080034973101613
-1.2296774006943822
0.5768097387394702
0.4061242377602104
0.6446963600258874
0.6358396266184554
0.5989955204487533
-0.09045822857690594
0.48267346910471404
0.6496105837415206
-0.3286409905772998
0.26512636395924044
-3.2419679922523432
-5.811197814870315
0.444337441787431
-0.26637766883894887
-0.16481086467498082
0.5850477563991313
0.3470994298208077
0.48183261255362564
0.4930749753280752
0.6773006327271026
0.17023891157689858
-0.08292338947158495
0.5969255354223721
0.5497707558802006
0.19922647305210997
1.0
0.474203832041761
0.1764750819334115
0.8027388145844585
-2.4335790025536514
0.3035342709205479
0.4436824574046842
-0.7821970156367551
0.5639832114809646
0.42944114872503775
0.6861301460432566
0.565327374744735
-9.013713076210465
0.3794581062139552
0.37284936006171254
0.13434791852230443
0.23321527117865995
0.347673699287748
0.2940825423749858
0.11983897514792853
0.37849667308739393
0.4325431321413731
0.7472536368903708
-0.16857400503148512
0.307171590194653
0.5575034037613167
0.5751781872083074
-1.484252711926395
-1.7489050514001863
0.31158445608709057
-9.151970995794883
0.3075042815664642
-4.544920246485114
-7.354087200806563
0.30620456387970457
-5.846981442153836
0.6385926024874342
-0.6149437712722039
0.38587554634191373
0.44661513054821944
0.5632991913212118
0.6170431012593842
-1.3282901044929216
0.6633350319142822
0.626661499479506
0.28279496883539246
0.5467186734787709
-3.912211804529555
0.5586704814749384
0.3686662996431219
0.6077311729250271
0.25258423653856643
0.37802474565428135
0.6044869684049167
-8.362336757324229
0.547748606922469
0.5044415468998201
-0.06483073358642082
0.7607860884940078
0.48824542167697005
0.4886946380858452
0.6234006564677176
0.15347503710441748
0.44326576325286576
0.32764497737001164
0.45670054725964687
0.13763419287718745
0.4786232947769176
0.49454480318930083
0.43134302456452395
-4.123600863057591
0.4204699915805873
0.5842376371541042
0.8982720869476162
0.013297915565879146
0.4168111009074478
0.5466333369197599
0.383128027387721
0.35518976629049226
0.4573804272343764
-0.010978359182585384
0.3828324099418229
0.2549627564149408
0.7372684285426563
-0.08973992994389024
0.9812677532574023
0.1108039845727216
-1.0657621426432295
1.0
0.5900332111986867
0.5255594030110946
0.14965740971937203
0.5985592866965295
0.2792922176715127
0.31753467871395247
0.275410330904462
0.5241052823691565
0.3559019463027434
0.44313545066496873
0.2735188677302647
0.5133795466535586
0.12072400837686395
0.5087507122758508
0.5342921689615366
0.30372974072609826
-0.17033493506649286
0.6094094879881511
0.4915837478623298
0.24908757028118148
0.31500871664326846
0.6013932106550058
0.38335670373433545
0.5514998877529133
0.4901457724482884
0.6290302637541988
-9.400015083646192
-3.1873538663747794
0.4708112951509168
0.5177899954041093
0.555122864220518
0.3161708522813029
-1.3161693651865338
0.4135189248204704
0.5658843190334262
0.33617746767950235
-9.301967498438454
0.4771659390728329
-1.4883470735221642
0.5980980878270606
0.48131901412095873
0.5907178744911273
-0.026637470347315256
0.1963649868615647
0.9065252418670453
0.01792461604681728
0.576950510750319
-5.2057064637582595
-4.4638963717435125
-1.0118125560391895
0.4795608636941056
0.3720530056828718
0.27348174475452186
0.6406097706874903
0.49080244879544116
0.8053634320709602
0.1552277450047921
0.5386927897373126
0.18473737902740395
0.3243570687954569
0.35842285568296706
0.6730274969538376
0.5578066285414309
0.37231457256328826
0.12397880655677296
-0.2648049049998505
0.5187788301942525
0.40992684471859003
0.405353421254397
0.689929710879516
0.5636462387937783
0.8645301708290865
0.9133142747727191
0.43032420252573056
-7.294792713241257
0.7043723761137642
0.4302474962826002
0.12816086408673089
0.5389337560874654
0.777686835743155
0.36276131457408156
0.627121715841776
0.45679602067861247
0.7140093010469408
0.4771878270349303
0.5801111980325813
0.3630887354482679
1.0
-4.94264776018098
0.562230570306614
-0.8901453494196421
0.43743834364500406
0.6459486653832552
0.5287606863761566
-0.5606928550706354
0.4721061067223122
0.6694661777189345
0.6299600914623577
1.0
0.595798014711924
0.2757577770339462
0.12600294663741382
0.8306729206421698
0.3171584687129973
0.3184380007835286
0.42548996862030436
0.3916172029236572
0.2417982778847932
0.7031777882636137
-0.47156717613697696
1.0
0.2938687827951416
0.43394188715935816
0.39886162198777303
0.5437457379767285
0.2761977437290575
-2.0528601755223996
1.0
-0.013441797387402588
0.10413025326041186
-1.0341994740588198
0.32578228440511475
0.15538931724064756
0.3518676716402423
0.2696293249138877
0.3386768619840042
0.46539420328250636
0.6558381885842145
0.4774885246398411
0.38065238190194034
0.5872786417806737
0.4101146385650275
0.7873982910999837
1.0
0.527013893320026
1.0
0.434854095085434
1.0
0.3242388071067979
0.375165736169209
0.3087340681978286
0.7738736098262907
0.1314925497279559
0.6336518820092353
-2.160306313945807
0.6036373353748039
0.6859038559139684
0.4190925900141775
0.6830027155186144
0.4660744574445269
0.2570304984766167
0.5572886018866776
0.1291136003957436
-5.079234992326624
1.0
0.10156402948645064
0.3290668424757521
0.04642930950862319
-3.6324481384910396
0.6726566109903608
0.46849709985195803
0.5896051749942585
-2.7291138914610147
-3.8112605762288374
0.3190726712533892
0.3795605542734562
0.5431256015589485
0.13955105924898098
0.3291736818074705
-0.4382851521368397
0.38290583370712644
-0.9319191480411987
0.4165868938129126
0.28073538575547446
-0.47122737364411715
0.3665070945405928
0.6502714625135497
0.28465972330803735
0.8212121896374857
0.40020879554853167
0.5795913190829791
0.45833315281727083
0.21455535975060264
0.2794788512446751
0.4193389866988761
0.44322110713800467
0.10901435511238412
-5.250870581672688
0.633735567076665
0.6393155801218117
0.3361956253930078
0.6844204718338182
-4.277561801723665
0.18643809645499523
0.6655797331296716
0.7222680309458649
0.6627129082383092
0.4109010775703882
-2.6716011396760644
-0.16044266691581452
0.4452083698072457
0.6430449594613055
-2.7550913818128184
0.31204811239973185
0.3980243224194412
0.12032592473444534
0.6558558604064411
0.6092071778046362
0.4808769946296404
0.34514757088520165
0.6089310455706253
-6.711897658593518
-0.7213567741234926
0.20186833263516668
0.2977499058947672
-1.700215630959958
0.30506503198371787
1.0
0.3780346758749594
-5.935716759492001
0.6419019605405162
0.49477924983218624
0.4535477254567569
0.3410965871103422
0.516885883167606
0.41964351778211917
0.8309315029931105
0.34787239615854954
0.3346668625645633
0.5017576526470947
0.5497117617987929
0.24393003083404055
0.2688277424425377
0.47799017294298995
1.0
0.49597527400608593
0.4003241986804417
-2.7629561927172976
0.3617297453261997
-2.866505417033138
0.68517557654064
-2.0316633715315358
0.6182084193939179
-8.943104806446456
0.8226422132478982
-0.7268511981073711
-2.3154576481626092
0.4852574270615431
0.34599290791850934
-10.0
0.014498611739625189
0.549000850828595
0.3815923658885932
-0.5712050331459666
0.45619208647305254
0.952899544699419
-1.667141926337205
0.33222139530823946
0.10334947496746325
-8.526504771573006
0.3993813204512031
0.6520386907947109
0.5988715897924947
0.5597204168480754
-0.01903668210548054
0.6680443529118604
0.5975686952327893
-0.32993987901881566
0.20081665411102242
0.3956321741409811
0.576574614900516
0.6059305991398951
-0.39768099973743726
0.6074807541866446
0.6497573252043682
-4.816798989911167
0.41523200572187763
0.6389010700690608
0.40427508106453575
0.3567849012284507
0.2952868964894766
0.9405809873804429
0.4148286453107663
0.5526008743593807
0.6030377289254454
0.24764054362811566
0.4973009988444179
0.6036218820330337
-3.7261906270281924
0.47387162115938836
0.5191792000902388
0.8761262321068515
0.6168815801189653
0.5976769158181814
0.28003249795655843
0.4821436518956567
0.44339509533452603
0.6622152837925871
0.24925950305690406
0.3805081349323988
-6.502753877576164
-5.728074256206609
-0.2430590366155494
0.6023099635996084
0.6407337542683865
0.20581080062984497
0.5773212799045883
0.34418949557971756
-0.09274255223698888
0.2614842513912641
0.6003280305627227
0.11926267969032858
0.6259498226863441
0.6530756569851516
0.8624686052691356
-2.80228041554512
-1.6094316100685846
0.6468126365181102
0.47775355189660434
-1.6200142594280247
0.6163170361417459
0.7617146815668986
-7.236926613377772
0.49804026422741765
0.6775981095045802
0.40004715847127015
0.19297791453138788
-0.8653931068824399
0.8864513894082447
0.3154987942881336
0.369474830968213
-4.726681709976626
0.47972471602998623
0.37834267398888394
0.27263865643220764
-0.18625960626730892
0.2793273319578553
0.6393037372571203
0.2550247140772959
0.37142053492724875
0.6741790619958555
0.6015183033984418
0.37904358157177487
0.5871358597493126
0.5836108072336587
0.5601506927898058
-2.861519407698609
0.31708234499251975
0.5230463119292261
-1.7154262334313293
0.3491758674018333
0.5108269930270624
0.6188534721518306
0.18692197012001865
0.5879255049858274
0.6363418546912866
-0.36887503335986904
0.591626747875412
0.8068575380553822
-7.238526510062616
0.4487119056316374
0.22381028919903495
0.6686164518074338
0.5492848869824646
-9.283591638622624
0.37638131239629335
0.2655781503479692
0.6347901088734491
-1.139056277420274
0.4713129095392375
-1.8608761338140503
0.4484830283261562
0.4153595244108175
-0.1449786181708391
0.6036304782402095
0.5759843957880517
0.6146031878535598
1.0
0.5464980361460425
0.46876126273948776
0.30759366566678337
0.4841647997982218
0.04446313297557525
-5.102224414903608
0.5516718296018622
1.0
0.5299140158814863
0.6012519445284052
0.2925054213510619
0.5315454869556915
0.7064691080021737
0.37194096772676366
0.3715128541886226
0.46049296540869133
0.564067913718267
0.2842859892328408
0.5070079938407112
0.48001999617261126
0.5683402164054125
-3.8234234443278634
-6.087021753411295
0.47074567681025054
-1.8468793610965102
-2.2620676544592
-0.47038136962136373
0.38820539119656594
-0.16705561216722864
0.6166247617274773
0.5898857267391051
0.20954930812829656
0.5937290638824091
0.47955623397060815
0.38546513635584145
0.525475667282963
-7.371257114152798
0.1394977360970583
0.5540143887424472
0.35291653707601967
0.5906057349714995
0.506338506280932
0.4276313906980258
0.4960883999273565
0.20231778714182058
0.6085770129461622
0.6524106129536221
0.607884653677381
0.6815715561150633
0.2599860483767988
0.3659545445109529
0.5421846622764858
0.6527657429607103
0.5460513731446014
0.6193844467331713
0.5162471742088004
0.5999979070906798
0.3581098560999885
0.5639847160274816
0.2916709086547357
0.5549920647061768
0.5617001385700848
0.6371648294187412
0.5840524666364045
0.5524954047960599
0.3132081606299842
-0.9393121548525041
0.1468628038335329
-2.655894253516785
0.29555266626335486
0.6000168378073716
0.575898638122842
0.2051026402141217
0.417583080998817
0.5411513679652528
0.4291066768033815
0.2738607601590195
-0.30967132794127056
0.6164252664053061
-1.0791205344197403
0.4986890521332719
0.2712686561909127
0.6098903888606344
0.6133706619146122
0.3148462519190173
0.6294929819004934
0.6055554789015345
0.3128786716982562
0.6673144646479884
0.6584780234732394
0.16635154973778637
0.5008147985675456
0.24335440009682663
0.5788757285761575
0.36627698934619174
0.449361190493169
0.42640835747687306
0.5576044711627496
0.7352720598620961
0.45429471126790555
-4.8568565611618775
0.44567279192215
0.19350149528431748
0.5443421287919251
0.187634041519849
0.31255274886995715
-1.7087079540525996
0.6622368201195331
0.9171418668710989
0.5913670975316834
0.22703171013937193
0.2888372960243591
0.45634804303241655
0.7437435101144745
-1.3894316595074925
-0.9172697919991426
0.2036055416330371
0.6134649251922235
0.41603288599978155
-5.091055553014609
0.5155555589887112
0.13417692751629146
0.6366324620911845
0.38396488531056333
0.4408259960273866
-8.036898787435387
0.2623131305948677
0.40601564630415643
0.632322163343918
-3.699504284124018
0.49463568563757293
1.0
0.6157602308945451
0.6917551987971791
0.33997414689624417
0.41205370963197485
0.37720946075330447
0.5672398287144329
0.2773694849105465
0.5865302891882089
1.0
-2.5527770782556147
0.6012074000042847
0.1722706118078211
0.33203311569686
0.65311693557657
0.39714733659403084
0.6705641325614862
0.2823375249753448
-3.0258869050492088
-0.43339188698281417
0.3854606560575763
0.6282716504735448
0.6220548091232789
-6.651693569582586
0.4166553656642448
-4.3301754159768775
-9.479280796105503
0.4786672989025419
0.9324710069277083
0.6750168442568892
0.538844526806327
0.5852785260909242
-0.3579179042596266
-0.34036574071561426
0.22550048995597477
0.290997178671015
0.5333008726568989
0.8281378639068786
-8.602349297141792
0.4400112674377531
0.4227411204805083
0.4896411301469926
0.31407398854535484
0.2216098104271251
0.4846347932540392
-0.7991567410662848
0.17759107725440043
0.2527970748845028
0.19763479631460437
0.5152704871798246
0.5732676287657508
0.14743905958492742
0.42891976964990813
0.4418939996150685
0.5611002283611501
0.6126424990940904
0.31032902806433
0.26626953869305214
0.6292873547846773
0.6618802538460059
0.7676203835178707
0.5471879579528787
0.030449499907514194
0.6501760835233675
-0.05047944948902222
0.6352346180762857
0.585151802040805
0.6328040134423534
0.6483852022597922
0.11394058094078555
0.54320692159203
-0.2346071920273517
0.6344342813211316
0.4870094468139849
0.4846927432579474
0.5815474193761976
0.37138576122790645
0.8489815528934337
0.40083120374008824
-4.675276858345027
0.2625753452215989
0.628253743490315
0.4689148196540526
0.6433414833439135
0.31893289856426305
-0.12554569687825684
0.555141802359284
0.6350768847449861
-2.570318304401402
0.6315070292122963
0.45739923802909027
-1.2819122115226536
-4.222848042680432
0.3841261877140695
0.47955353502829223
0.9985081615748884
0.43678512530230285
0.9421658647739912
0.4579520375117312
0.6859100520602203
0.6502469842136569
0.607341135205855
0.5352983499483523
0.5933734389866469
0.32197473433060525
0.5984088784094532
-3.3240463969301306
-2.7811311526769247
0.5139363226467547
0.3882503919385919
-0.28895178287722023
1.0
1.0
0.5374663380514997
0.44038537499021624
0.44636560867636077
0.429102224815508
0.6592322167255806
0.8594303318041454
0.5704785328288297
0.6378137456903513
0.43658248686033235
0.6956996257632784
0.5779495832336689
0.6519262484635454
0.5361882683596066
-3.8209735662088744
0.13878946200038572
0.6059998917561014
-2.44183442476621
0.1421968367723889
0.3606071336236576
0.3710676436836407
-9.559321339032595
-0.3147419300341203
0.23688934054289282
0.5534570726924661
0.3261034267632537
0.33765912983111745
0.4248261354619966
0.592455949275906
0.24401113027910779
0.5352650910499451
0.6321217319220154
0.6111412621552839
0.5282900021440465
0.6225059718441603
0.4299234152189131
0.7354663090149849
0.6202525651686142
0.5818608977381453
0.7147221868278626
-9.29390254131015
0.7782167069129566
0.36965329285239473
0.7701134022037803
0.6369398491602145
0.4343272534932993
0.2011809303340893
0.1814364079554533
-3.2170270085431407
0.40451742959025727
-6.2009775393134285
0.20965610156183376
0.2623751175274985
0.34479967416070695
0.1901117255335807
-0.18598928329530467
0.1697084628906576
0.006134002040238493
0.5769385703865143
0.4911674890975087
0.27917013393171436
0.4527150777858662
0.47327474348981236
0.5832108587933856
-7.704239982652317
-8.641808682725097
0.4126430194893413
0.28062815665289814
0.44243036998573393
0.5160283826186934
1.0
0.3029935833777869
0.2873609258761293
0.1175198349502434
0.62666114830315
0.24119596944801028
0.12206362465780206
0.38407521956238744
0.3933490204079336
0.06804523455120243
0.12236089388969994
0.2767381966196022
-1.3636850709929367
0.6838232129911425
1.0
0.5829106876009609
0.5444891858104778
0.005859033313785384
0.8614019791185558
0.532224285330748
0.45513809053176413
0.3015210996032321
0.005413260308381462
0.4747322957277302
0.5215409502503174
-4.501656839273624
0.49308335130980907
0.6458616704811131
0.2651170984413516
0.6905489977947464
0.9499400360947189
0.31525599103795204
0.19191451002845453
0.32893093830496545
0.4437250579300296
0.1826274179381314
0.12236782375831676
0.2756619554192469
0.5228614557521245
0.6606693962619081
0.33882207448041785
0.5815119401442563
0.3791909674375968
0.6011931935209793
0.417252191632746
0.5080586851557876
-0.7924608125290877
-0.502160226987713
0.39906727778009893
0.3093012342405217
0.6311845668411448
-0.3118630734646832
0.08534776827747925
0.42163851639211897
0.612810013824856
0.510495785939916
0.3770517293488871
-0.24809215231625248
0.9642631396843756
-4.081866946344534
0.32148044733739356
0.6719989052809314
0.5332324951322636
0.6219364519890441
0.3506030206776132
0.1629180109196462
0.5785836045658009
0.57503285976962
0.2522018200761021
0.12566655486727163
0.3999291431016049
0.6097754113396798
-1.9034267667406068
0.3655551614507866
0.30856001512436027
0.5361633409717363
0.3831597787456356
0.12144902078770976
0.15552656447541402
0.41810924073527206
0.5164190684610017
0.42908294454938384
0.4296262869611399
0.5803105110059038
0.5055226589716201
0.6177340413299545
0.5914472030501597
0.27782264924041356
0.5730907261481372
-1.6180704019175856
0.15856451889263473
0.513958983437644
0.5935882669878744
-8.899829360408546
0.6255930559115482
0.3537461670241939
0.04931993130248326
0.20482324692435938
0.49651101476568515
0.48352450195351976
0.4436773989537313
0.6090423115882638
0.20593015779570997
0.5296544977762239
0.751597242889812
0.848617012413619
-4.440029175596459
-3.330823024929194
-7.274264922999734
0.2662231596082943
0.6767967266188626
0.35491592948610146
0.20756880303919914
0.5905086512588589
0.996647098894087
0.6085573625962931
0.17810076224139237
-4.988725222805406
-1.4879862978763154
1.0
0.25444532794477537
0.5280443288508434
0.5440004133627039
0.5262982829073609
-0.34509503363956257
-0.2818183413290502
0.25178756847930106
0.5637430686874773
0.25386246032113435
-1.9811390068888608
0.3608117733368928
0.7142512388909804
-2.0176909276275286
0.3906593049165949
-2.055675387444909
0.44821677708678864
0.2973401698271427
0.45490591593517843
0.471827617226611
0.5003110966891477
0.28122773778313787
0.4333309683209203
0.37228952234685575
0.1774734021118738
0.8559740694141122
0.5135095402863732
0.30777707867509047
0.35071814428674675
0.24366149221639774
0.6483721283265766
0.6515314993062511
1.0
0.6523716128423953
-1.1634859647594467
0.7457698762755601
0.6089578296089307
-1.4936265663719097
0.5302380409945683
0.3453004373316853
0.5629661728374135
0.5763341287616606
0.39883491957123596
0.5798664997568655
0.34591263560780244
0.5603911470921534
0.6042249773826266
0.6606822049241812
0.7400660291110939
0.08989988299855106
0.42458485441304805
0.2730869504792844
0.6613471860217783
-4.748390551397536
0.3470439856214661
0.5232527771575305
0.6023895945680336
0.39190421543777415
0.6282131308940816
0.5491788740380198
0.30346694246859784
0.35583672664459665
0.2809681936605151
0.29989847255291757
0.509000409704154
0.6505777170255025
0.300131501702954
0.582514625329296
-9.808173756547442
-1.9072426115136054
1.0
0.26121568357008723
-0.7246176913782378
0.3559802792919598
0.629470808621652
-4.949774018340995
0.28861141949838287
0.4958227205839092
-4.209044229916575
0.7665274934469437
0.39243333463172636
0.4389637158397781
0.3624914910737213
0.4546703095937667
0.5502563437285468
0.5059613005587192
0.6140054103447055
0.6062372675237976
0.6248262196748477
0.4554481065394189
0.43380819396513154
0.5545045914725912
-0.22652845571901198
0.12305991903230613
-3.8701469118521103
-2.7746672938786823
0.3697420845456727
0.5071992515824786
0.6462867357590779
0.6368075437541323
0.23179900171906673
0.5258820040424096
0.13190226921220774
0.3758582567049486
0.6007265033650993
0.6173053550279292
0.36063999638050565
-0.7187763266044571
0.2888293000178701
0.5744345439719591
0.42603339521062594
0.564558034192722
0.3364267023103968
0.5626784094807448
-5.820854672188613
-2.419119967593697
0.4485862913093921
0.336748682604927
0.6176530472071597
0.11378251272650355
0.27634928781791157
0.3354932688706362
0.2824365109781944
0.2600713931919524
0.24833996764208158
0.1368320739345361
-0.8285108060527241
0.1015203470457711
1.0
0.3189494283157906
0.48450623652683483
0.5495015739729419
-5.462297036057279
-4.14645204320384
-5.124189036563713
-0.9805788567388131
0.14330126420943728
0.18497686307459016
0.6477941847636471
0.5206921756619569
0.39386610552073925
1.0
0.6528397846071875
0.09765937776336739
0.5501008023907366
-1.651462455612066
0.3269382499004928
-1.2947888491575241
0.4376764677629163
0.5766857838486301
0.6125824514340359
0.37241943697272145
0.5300639317354031
0.4638687023361161
0.3431715536076658
0.31137815570326244
0.3767633937042387
0.33656327521620516
0.28099279156217155
-8.527814924353208
0.4951092188821696
0.5338619522135633
0.36027906454111447
0.29686909582737847
-2.633625696293542
0.4570121490737426
0.38565920601475057
0.5790362831016027
0.6114739067533358
0.31493158150608724
0.24090663679395619
0.520802665902845
0.2546008522119079
0.5573930417410198
-1.178354267917523
0.5515264194776741
0.3803441031084806
0.3279637690748722
0.5874524684131467
-0.5765096658408336
0.42505236067300767
0.37456926483357167
0.5695065827505286
0.48783170555357036
0.6201472430180096
0.43743596007866015
0.41215398835713896
0.13323876282558975
0.3587816047312638
0.27092163000978
-10.0
0.36059348639252925
0.5425809253194164
0.5359032522848817
0.6699105315489683
1.0
0.41465234539360923
0.42285991246647914
0.6031402934179864
0.4188285205070577
-1.7081552050259932
0.39064717899994106
0.40927591248151307
0.11032916061114657
0.4963871098276324
1.0
0.612982927825024
0.6194984970242358
0.5307228716678766
0.1403937282906616
-0.6716862926822756
0.5708283798399502
0.3086322347883214
0.3916699472680754
-2.198927191888725
0.8110033619904571
-4.685421310215587
-0.009536888495192672
0.5400931268071734
0.3187130800072283
0.4408574515486149
-1.490188456793409
0.6384815272973704
0.6287365192530653
0.7154459126853024
0.3131496550460033
0.6275465015359095
0.554633952459437
0.4237891624929149
0.22477025968117548
-7.345215847375811
0.20532030643737778
-3.633282989712433
0.6184358952388629
0.35945601361993706
0.5679144158325693
0.49862869557638545
0.4754134091104241
0.504458313013983
0.6043743626235863
-6.494940180121165
0.17247423067868928
0.5669953301968619
0.45627456179273124
0.23445186479785102
0.5839107332434131
0.40056785904903247
0.39650383523308674
0.4248582604511556
0.4225296691995476
-4.446324296999415
0.6015876397195086
0.6345099473043241
0.4464989250041637
0.6779534548330699
0.32501256223928454
0.549628471582136
0.12506549471223496
0.44966472094364834
0.3799933365990183
0.3616168196772931
0.40692545392767865
0.6170435565177277
0.45406801810906455
0.2066960097492194
-2.791502197915969
0.39054216688767185
0.40458520683892596
0.22481359333165804
0.6121444352812736
0.21210141221278905
0.5876466112385343
0.23722501686751354
-7.72693933130342
0.12291604650800693
0.5914969273074053
0.24868366818550208
0.6370665326152297
0.39205534951901355
0.2781054203961386
1.0
0.8865613230555107
0.6178630872747406
-0.03563617329795152
-0.006846280905918767
-2.2314210524038596
-6.639731517740335
0.584289975127938
0.2166664881359322
0.18270579800303
0.4907395363772989
0.5379277211617538
0.2570149169979245
0.6049600006956362
0.5898710930789692
0.40549106955339353
0.5995162711952037
0.30660698013258764
0.2502161184266437
0.6274900998091705
0.2509620355240769
0.27806753841359955
0.4069831296080756
0.20888762839446268
-4.353573185712829
0.5280456478026497
0.3557750195100379
0.7404300177251559
-3.8620503690258148
1.0
0.6107498014034018
0.5980355797581849
0.5036210176207948
0.22372309508794677
0.35771542191026434
0.12275009005877542
0.605304840215092
0.5761257286307341
0.40400155589287334
0.5073992187580513
0.4454967881917148
0.894886651894315
0.39937412189720306
0.5632537558838104
0.4683020387944407
0.315748513537079
0.1442143657449814
0.5179650583432559
0.40428393961229114
0.6379461267877528
0.3766295250233655
0.18130073077321676
0.5733451799438731
0.5238700137112142
0.19802070107483016
0.28309969274672553
0.501046978953271
0.243209061492033
0.4184721856407148
0.6021851721168142
-0.9129731015702902
0.31786348115682606
0.2670359167317793
0.57303602217724
-7.291302127306356
0.5063316903134277
-0.07317835247352755
0.6652462944411177
0.9297307306252134
0.3897087585116449
0.3099201836756736
0.6222606359524817
0.5550653646237795
0.3131114428506692
0.18754703493098981
0.4948727457835757
0.41487391900552834
-0.04273083267558499
0.8442663177715093
0.7466650773609028
0.37499627630248683
0.41750797290707553
0.12192058086780488
0.13183833403926964
0.5592196290546206
0.5511503990311188
0.13320101787056274
0.23842504252654528
0.6270704618095608
-3.2558861357823075
0.2924411694305288
0.6805720498029851
0.1903287111817625
0.5750708240927314
0.5931002213129581
0.37758041920839325
-5.955501780512776
0.18913193578478985
0.30075556811788295
0.3347785715650921
0.47122768204664867
0.5632350592776161
1.0
-3.8913447515389725
0.024819955063954055
0.29726933913261006
-0.5941367058362376
0.10479083958671795
0.6058202757886364
0.2966042985025229
0.34759803562078784
-8.279132981851356
0.43796516562461524
0.5534884846491259
0.4536967400573951
0.5812916013405882
-8.673847065509957
0.36258721884044176
0.35713066114994046
0.6122235167140359
0.5726033193809402
0.67236659929493
0.1543445807077174
0.48040233086377704
0.48709993445735156
0.3845121701996975
-0.6247080166091106
0.5792451457153933
1.0
-0.23168857593560924
0.5382148391427155
0.4098809062878847
0.4029664605802493
0.4728626700811103
0.38588992236984176
0.2718454441715031
0.40258658917784684
0.30358492267444814
0.13250362898106255
0.5114057032821893
0.41684004731953406
0.651995149666063
0.7141182982362431
0.6481444337576986
0.7418645219434697
0.5933696061794308
0.3628709327592504
-7.189478934333213
-0.013868326192092384
-4.424479141614201
0.6198744775344432
0.2568432789030269
0.6493258169482464
0.36842938889129595
0.5225642948938996
0.6139197518835369
0.6438048483633734
0.6313183310162881
0.5379129585193874
0.31995334793052455
0.5601327930852095
-7.543107213539591
0.697616926117089
0.39795706712998563
0.47296667058691083
0.6617059552303662
0.6397772775192783
0.45938176275148573
0.40717469814539436
0.9594844447776126
-5.801641449888057
0.8979088694358923
0.6745495401770745
0.3071188052900456
0.7935233679044508
0.6179325969833303
0.6406403684953201
0.570733859294168
0.5551418390994478
0.2398739184864887
0.4384536986179016
0.20988615174133018
0.5178518941408337
0.9083668418424944
0.10490635183684599
0.1713628542940578
-0.38700777431334676
0.5328574992165627
0.2633424019501771
-4.957568256819046
0.7808404899588353
1.0
0.6465366116489616
0.32866116997439854
0.2511740589608162
0.4061086853208497
0.30556955644020123
-1.6335082359897282
-2.3550245990909726
0.6090813968437766
0.42956168717620413
0.6206103437260763
0.37018813566981484
0.6626418529023086
-1.092417968778177
0.3103341304004039
0.1251876928794066
0.34542204868012005
0.43341611727031343
0.5924100007204761
-2.2493742016299407
0.4088229720824065
0.8029788118229748
0.5974424530059411
0.5837505052557934
0.3609295668095255
0.3697000624128187
0.20023453506659467
0.3193707998618563
0.6218149179606267
0.6065318537941284
0.10083953880616561
0.3449520567414334
-6.109707733205023
-7.4003174691972635
0.7744420704085992
0.6084546182527315
0.6363677043017051
0.6185966699382272
0.12428540217020281
0.6088613634178576
0.4386449726582453
-10.0
0.3624936858844115
0.3635900956574619
0.4592953065617466
0.5117313693107305
0.5036033070274533
1.0
0.746812811828732
-4.2527543703651585
0.4357030509354065
0.604496365615238
0.3826755261352868
0.5245512913526051
0.4324636825112715
0.1436290499499671
-1.1388727840495938
0.3554212173799816
-0.23578078539849723
0.5883365577082783
-2.8238218450308206
0.37950173494170625
0.2965337782530903
1.0
0.41851761776577934
-5.2968728065510815
0.6550890047444061
0.5911779648057155
0.49698964949593516
0.5754784919759394
0.6271072251065457
0.41170654774570525
0.17304362257936898
0.38015385820618874
0.5366929749452973
0.16193430385434035
0.9003391373194327
-0.6199368617117702
0.435290839578621
-3.2799637355271285
0.25612191043154564
0.4826786479801971
0.5527875416981683
1.0
0.5691723898422706
0.62048936726748
0.49719585101304364
0.5232643696570893
0.5688947776644346
0.5809295043275755
0.5719856882597215
0.6873667166797336
0.4664879771615429
-2.01439295847912
0.2590283063449977
0.563711478211704
0.4865562339771654
-5.7033755104990576
0.4756562069102662
0.6433748768948014
0.3707180305337008
0.1335842704566442
0.23756529887207126
0.5028867514883186
0.5608186848829781
0.3962547849616423
0.3410296006135346
0.1305367102223024
0.2344511742171202
0.29371232345123083
-0.36695724769834115
0.4090836675948089
0.7437039094345761
0.24847896732578076
0.4797382607236803
0.4936399691966638
0.48316216358587255
0.5793930967861738
0.2699153000093532
0.6867978954826125
0.9373236987165849
0.5663057637624214
0.3157808282756963
0.41035206899609167
-3.6975399158652396
0.8670793940359357
0.5256767829505401
0.6408053904313072
0.5146078535578029
0.28778143861866795
0.31652813787266054
-0.26164307310306745
-0.9763818073265049
0.48124486451396276
0.40015707834193914
0.6844514595925332
0.37115637517540934
-1.7879936503717262
0.44937875945234673
0.4759437503757833
0.4352518649245423
0.35947073607819297
0.41225362262886933
-3.72972613556561
0.37924319564475345
0.45579784566323067
-4.262586180520371
0.11244844379958444
0.47582169478340314
0.4544289474141835
0.5963952910400161
0.5550826785047859
-2.7912614107042097
0.46072944788437836
0.1772234311334019
-1.0983643781591197
-0.5276918840938005
-3.7664077068903716
-0.14952018588020427
0.36372498002402226
0.22072125531683445
0.5490787991010101
0.644520992106157
-2.544813726236764
0.8052005963369026
0.49718495902722665
1.0
0.5839112316438891
0.1179240680873602
0.5214802738401664
0.5264726706440445
-1.711469004077815
0.15083258977140446
-0.08410476802372124
0.5110269247185382
-1.9197084470758479
0.17886552147531964
0.8344431931063128
-0.1434119946292385
0.5052536199048293
0.2725639798205728
0.6072422564762673
0.45540002317783185
0.5428756092561394
0.5349726712385545
-0.7229745979516031
0.4613928414709587
0.3330833010738202
0.10684429307553606
0.7720802187009771
1.0564184091426454
0.2247861577317968
0.6652711234478131
0.8621305495349033
0.327026137946541
-7.840391138355472
0.5668223624651606
0.5377436936687796
-9.902258781036192
0.6419357492227129
0.37999932379859985
0.23860760167926953
0.5779374585435887
0.6563320691880252
0.3664747979555545
0.5217389346587109
-3.641240839960249
0.5735508860012289
0.6599078417139914
0.8822841849668325
0.5643090000598199
0.24505778664748143
0.08462396486424927
-1.172651285679864
0.49925912450254867
0.32067937056829915
-0.5353824205926988
0.5538515912099964
-7.007413418840941
0.48416235417411874
0.8690636361794071
0.23478585502992536
0.5955926885684679
0.5103164994681159
-5.943918613405785
-3.662487533263116
0.9467384126387801
0.7994467182431134
0.4658785790527045
0.6697144976162039
0.13406417120576955
0.3558341379354917
0.5846630169231862
0.6559423325336198
0.834934362062505
0.40778072629232065
0.46486999212065794
0.32308778989842385
0.3670220311747424
1.0
0.18290059870686592
0.4755786847351816
0.6503427801793591
0.3556236933073003
0.5482033970134217
0.5425474212120966
0.5935832895948115
0.3570156062927198
0.6138421247604802
0.20972153842874733
0.26301060757712663
0.30659436004187357
0.6326927013720656
0.43114460076818145
0.5477260570988199
0.15426410007897187
0.48075521562124773
0.6161176857854874
0.6009977153321134
0.5386134717727389
0.5032816798291371
0.5009866574053193
-0.8442333168089904
0.5188215795339246
0.35387898393739997
0.4771054250075179
0.655203504886327
0.3513624035390177
0.613862156929933
0.6017219889377442
0.38049683575158305
0.5712631176614524
0.30034624103457036
0.2975609662136341
-0.19915831341210388
0.4493448835772454
0.5627314735863047
0.3452942694402211
0.1310771644080247
0.46633179592901763
0.5821002516899092
0.4922340017208953
0.558163493619251
0.5688387057334778
0.10237591907740178
0.3495948488555844
0.6243295204856374
0.5042183867682126
-2.1990665433555376
0.47475829521788976
-2.3484350309259665
0.5623124170148688
0.4967008472764841
0.5023967258033408
0.5769811727421107
0.5991067401172949
0.3678010127411253
0.3768374397311388
-2.3058629569739457
-0.024276954366677594
0.6007571026575149
0.5268997544190587
-2.5029488993491436
0.27538705918246714
0.6069389270667463
-0.36143582970647714
0.3454573911991843
0.39803726231821634
-0.12553439318818405
0.5388035252993097
0.4143836684565725
0.6625803001701036
0.8840434167609703
0.6495692287618079
0.26842336251382415
0.23162227380881079
1.0
0.1314066248060157
0.29695915818025226
0.6652806350705736
-6.566642428944714
0.35876091812278543
0.3442005241437825
0.25221948167112884
0.21001412298149938
0.5047968483540866
0.5761399419613575
-5.481983137551008
0.2234501464776992
0.6105540036937185
0.5422515482066885
0.4167611823050301
0.47265672229555017
0.27552998984546423
0.3055229078650287
0.40684829216169677
0.4381764259233849
0.5293650173513925
0.39137761618499806
0.0
0.14674095675525656
0.3845070487463492
-3.846303406694536
0.5458369848641605
0.3881911777216127
-2.1593139460958732
0.28811851631195473
0.6342007613867079
0.5194895582925562
0.45929107563824645
0.2757202257649014
0.34702106457702203
0.4523085217390784
0.6328708485745076
0.150344583843102
0.23682101045139414
0.4466090039833164
0.4023373320727766
0.5745154880629941
0.5735257085647822
-6.0650045156633
0.5330213501366678
0.5215212507619104
0.3844199396950887
0.42218517972025754
0.31494394451406954
0.5760424119825411
0.19250042740299866
0.6505620035032638
-2.0009794369289637
-6.640218259658805
-0.20352320119530198
0.31668804316303767
0.5867054357804161
0.5524547499523201
0.548272124935724
-0.6075968038715919
0.5944890064068443
0.2993322591338644
0.6571304202316384
-0.7295449662305323
0.43648516738525983
0.6482430584909376
0.4611204387188618
0.12812763417397943
0.5167836891871639
0.6566145318972859
0.30309012887327935
0.36530136962837656
0.5061134561868119
0.9152903085775873
0.31643572313052953
0.3071615891297542
-5.652736341126749
0.4159322070085591
0.5234549519583088
0.43336961315958106
0.5796482708550692
-0.17364895370519978
0.39673268155568686
-4.797797343649318
-0.5915871411129937
0.5920184512999943
0.44712964778898157
0.63364752051483
0.603829087039017
0.3412851113980346
0.6663392767292603
0.6220847081893631
0.5553382171048313
0.5570319968611295
0.5400950071164391
0.4418227882788554
-8.381415611508347
0.4362518284616441
-3.975119646944598
0.7467757260334127
0.49096571129338773
1.0
0.38591321384302324
0.6826527013989814
0.5557258204917042
0.5191422033498219
-6.31955443069373
-7.419389466893154
0.5694891556367387
-0.33725727273304484
0.6487862827656673
0.18960722501742402
0.45876345219475567
0.5390875977650607
0.3964236175759229
-0.2715711529418291
0.34429923971077353
0.38685342464415184
0.04855561869399366
0.20878573818584242
0.5607215399252479
0.4218021263870502
0.18804015803970978
0.6794603663880437
0.11919974573083936
0.291156732543269
0.5379132777263931
0.632548018016742
0.048031280572472065
0.5850305417147743
0.7569189935549037
0.6956764357630569
0.28434118281882076
0.5931991613991657
0.25446273485446863
0.49411958400856343
0.4356560413569594
0.5312687761197329
0.3211811020406476
0.4120986049854244
0.36574350391335786
-0.20952537970287582
0.1290310226634367
0.2070424399894962
0.5018612586419103
-1.7154272652611273
0.4527582860465087
0.4351609628967303
0.5799369192491399
0.5863252062181675
-3.3046122098707373
0.5144476079480301
0.6005145741517018
0.3819347178985603
0.5024847573746793
0.5477398202362243
0.6696217497463663
-0.16896623108379025
0.3566816321846503
0.6422213908386708
0.5779047978563514
0.3175987762346619
-7.935956198876625
-0.13637904464782488
0.15535511591291937
0.5757256786838031
0.5123706814547268
0.6263661690678411
0.28495153891452407
-0.21100154272024635
0.10602096587109404
0.6633567673325558
0.6118352557457433
0.6082686325301958
0.542354777158531
0.644968387044911
0.6326216835461687
0.5947319406163664
0.5816436780020343
-2.112898569039066
0.4968891856408502
1.0
0.5973960782355451
0.5940679989047051
0.48016926182879044
0.29908821713682465
0.4974265418034691
0.25454856476938886
0.6497081806091227
0.6070033248691464
0.2538563197749465
0.030729555378365025
-2.9247104549078715
0.5107206810724758
-0.9351645470840978
-0.03941950943200501
0.6178132976192119
0.24915270865376132
0.3804748047539106
0.13455565133983813
0.10254827971200968
0.29095700426749044
0.6156584622930348
-3.741954272816524
0.13197621552714142
0.572889519909015
-5.912590752089159
0.5524500095893046
0.6010884464150874
0.509832126666767
0.5626798521259464
0.2689009696645736
-3.6496281713144403
0.6115479687698805
1.0
0.4418134546089847
0.5132310245060989
0.5761249399750134
0.565884083810872
0.6324902353763604
1.0
1.0
0.6204262257876034
0.5311050133568044
0.14449897046782062
-8.698432997994729
0.3928445643305315
0.6304450861797652
-10.0
-4.047839228449029
0.3713259813423776
0.5214983315643936
0.5255428460246975
0.5725687687759541
-0.21549002488583813
0.34531553803510256
0.2512155019258065
1.0
-0.76796906982736
0.5709993012440121
0.29706339085984196
0.5307831376613187
-0.8076898696814501
0.3339162996728621
0.2784020271797051
0.2822931079472779
0.5559638355871189
0.3375795523986006
0.4629895276362082
0.12095710495651027
0.6281929523654054
0.18792348801478526
-5.9683221662613395
1.0
0.31430200921276047
0.6313939036070869
0.42837558997757325
0.5597308616568035
0.20198690483779405
0.614000255119754
0.4129671203858547
0.9689530700940243
0.33744942828388225
-3.614137693137233
0.10434115288179442
0.3107995308552891
0.39307682222898416
-0.8728677252938513
0.4179234013029415
-10.0
0.3326548664696229
0.7104380487974329
0.6437049357880228
0.4729444885393854
0.946906486398168
0.37634494120276774
0.5158730780106388
0.2966291059510869
0.5970559645361846
0.5787913669283307
-0.04934972998042781
0.3842145285516614
0.5074938495490722
0.259104086351309
0.43302656298718345
0.3271205036461414
0.5370940414220586
0.25088201507756785
-0.7422530527797735
0.23597294575844163
0.6081009576687071
0.39175127012449734
0.38425331879545294
0.35577945516028425
0.45542249742020524
-4.394104910906831
0.5410870596224008
0.5591312406263886
0.5510633313383098
-0.4350932279112505
0.4753481304952114
0.4672806973305812
0.6188913429029007
0.6333226001131548
-2.8477833855441053
0.6446579908576567
-2.039935762132272
0.6275846934678164
0.5030142761193148
0.6979595817415165
0.6545958240041817
0.5579167396428804
0.4033411655853769
0.4789660675182555
0.5467835887019641
0.2920880910013829
0.5771705731180413
0.44820480472270374
0.4265811293732066
0.36000825547632664
-2.328144624622078
0.5996548976836436
0.5347575742370383
0.40776412417651897
0.222666952568736
0.2735911103911075
0.3209842921914265
-0.6662243594153252
0.6142643850829189
0.7491371140826516
0.5800285357624734
0.39788981011190916
-2.008084652941718
0.21427666928750438
0.6182260405858012
0.6924031988771141
0.2789180339151457
0.3135130112178008
0.46846190645218727
0.19671110776843
0.5696880362181573
-2.811075630564238
1.0
0.6632407206324475
0.1272445223768884
0.4681787079892966
0.49417253854318877
0.5347946546232807
0.674551059554925
0.5059755647806512
0.613965057018984
0.5731371370062617
0.6514625356224527
0.6680491178194017
0.49546671390201863
0.6513193087619719
0.27511540325144956
-3.9623494623696756
0.6315534263322083
-0.149721956828605
0.24711668143414872
0.43185556451599194
0.3897781832039638
0.29229172634024836
0.5051007999010675
-2.846597938834637
-1.1618479130596062
0.5450316473447143
0.27840504897002655
0.5872815664158476
0.541137747728823
0.4077554132962215
0.9047201656845011
0.6249788463064186
0.42436238657639175
0.332477257772693
0.6465105489747692
0.594995151129143
0.2055199655398613
0.35172877320506035
0.6179581076458692
0.6215757079000405
-1.2602288440690421
0.37717070329826025
0.6631268666805272
0.38185803291714715
-0.37627841507922755
0.4431279714172305
-0.6805560224703483
0.4564080287111437
0.6291908474660179
0.2901300458832919
0.651263870197863
0.45403339010009486
0.8620629734546201
0.17444498591129692
0.8537404655859013
0.6376327611788076
0.6419185401060538
0.47300175469387046
0.1022630002351899
0.6157985622971779
0.3154235633677276
-0.3985767207353127
-0.25967490999016823
-5.566160100594053
0.2282358138037437
0.6267125258216447
0.3407618720265446
0.3894441039988974
0.5417969923498143
0.6390388648277321
0.5441900183244398
0.6562857806876644
0.37650499536819204
0.4485848639732807
0.6277493692293907
0.290992420083721
-1.0331370965634898
0.2844992626634295
0.38769120475714336
0.7404579642815063
-0.11202875707062214
0.12918545068799905
0.47368251977057996
-0.059485706665396265
0.5404470565721109
0.5460576532879116
0.43580380481251346
0.5679063869191052
0.6413500456185623
0.49998842926651677
0.4275108639918404
0.4909375423519874
-2.2885748471440697
-4.521509097293635
0.8402803125110936
0.6277081120956216
0.683944065432322
0.3505405052102375
0.6051671640122257
0.37909836398779845
0.5765471083226983
0.5172498117085191
0.5678250092804078
-0.05118758241610688
0.5655238265551108
0.5695270405509993
0.1253985057893217
0.6445682625197559
0.5231025393022333
0.46441677184472324
0.3564844550761907
0.5409369890788772
0.4841975048531277
0.2832788026965343
0.417017632438784
0.5562499778157382
0.4097474190655487
0.1700698435468539
0.33679814589807716
0.42969121463298626
0.6346726001233459
0.4115098960894437
0.12274176641045233
1.0
0.2283786540047151
-7.332369838851315
0.16694902502041786
0.20929632200306378
0.6435124102558138
0.30626683528719334
0.45824452939934246
0.6264402944836791
0.6132672065953473
-1.8314357186762427
0.11090665181501667
0.5323909753770973
0.4671037565301162
0.43384044180121895
0.03323818583527945
0.6233988183546826
-5.813349042067771
-5.329370102721581
-5.090855728914495
0.273731160997
1.0
-0.5268414866509838
0.3171859824686182
-6.682314499406502
0.18918697284050146
-0.3391031731933445
0.45002831121569836
0.5353896688611239
-7.044504150451967
1.0
-1.5659712315860919
0.5314268211568228
-8.277760161353665
0.4449060539063252
0.221585903631417
0.5770351205049792
0.4707847342222589
-4.096116012442417
0.6840954869096001
0.4724529685475406
1.0
1.0
-3.3483109952160217
0.618612525311998
0.6095575782650743
0.40243633958428554
0.6174658637050655
0.6883441240067014
0.37410200417005746
0.67274216353086
0.8610711213964906
0.5822001628259831
-7.29751657458282
0.10835037748996029
0.4394594317386408
-1.1119690457867863
0.5925992630505889
0.39799875650066135
0.6366098086028519
0.34336407092094684
0.35581401361371257
0.5985707883237489
0.2268560546170206
0.28311612721683477
0.545340772989148
0.5071725362126024
0.5410962827829124
0.49136040270505915
-0.9288945790583804
0.473389328970364
0.22411402235849545
-7.616329180597589
0.39612624960787063
-2.5369495081877
0.4213131856264039
0.6078119567778243
0.5599972845199426
0.5887899784672056
-0.4469006989778791
0.26417614953678004
0.2348809420586794
0.8274192253063024
0.5525959058588252
0.37280260943941834
-0.5559040335144408
0.4791900825061254
0.3051571903177681
0.112312094538991
0.9397468031863698
-4.270192903486402
0.5947136876412684
0.5895980595469279
0.7279428553150442
0.6520949875064671
0.16873394511886267
0.505702906472974
0.5647874217576175
0.3523020894407122
0.4543216611325111
0.484443891270039
0.3133005956476315
0.5929303363446786
0.534629489838973
0.21159687287825704
0.40324644546079275
0.39898624244030073
-2.3752291165596464
0.40537932505141483
0.5897453498823352
0.3215650739904758
0.6055531289078848
0.7208853730191357
0.5966068352160314
0.5164865896938392
0.13440213824037006
0.5470327060022934
0.5102828197478783
1.0
0.586163370645737
-0.5969483431282804
0.41032915730332664
0.364049435542203
0.5489541059376215
0.2694928279772917
0.6590505009467266
0.24354910594269774
0.44914164747142427
0.558310113005469
-4.823505750948469
0.2609936565531971
0.6479332159441878
-0.09103470137699765
0.5223646408626522
0.43954559960369
0.6275228236794113
-0.7152931455723469
1.0
-0.3010370586644493
0.8387867325192343
-4.7723028485550865
0.4430238039088484
0.25393878967226796
0.27984477615439934
0.43391422465575447
0.14329163715886398
0.5638580366374907
0.45559670299581745
0.7181004351875367
0.44562461253521174
-2.003572148881818
-2.8696525582049675
0.6540723131483486
0.6920343943175531
-1.4349262169595138
0.2448775090729008
0.3278081817273287
-0.41164183681575106
0.4180357198562856
0.6263804227532495
0.5901961184531794
0.8901403870162836
0.5403651577571557
0.2412622810437974
0.6041634669429213
0.6472907072357826
0.5383055717217072
-3.2036239638670736
-4.038432723354696
1.0
-9.159320538418681
0.3985245119546915
-7.206465199062508
0.5320382394523121
0.38593169360707935
0.4257719692338135
0.5075589146750406
0.34373692668161865
0.12043224571166844
0.0770901297016422
0.6155023036007196
0.6772251856523049
0.5709828344707262
0.41303117485185703
0.5172896872499022
-6.698456547188028
0.628174351304347
-3.470333185323084
0.32715816457443075
0.670637186124169
0.2064350867758057
0.16157681477503982
0.6602897301873032
0.6119591486798517
0.270039925586802
0.19345832180192574
0.7949127585396328
-8.746725891554043
0.52580337982819
0.7745706514346445
-2.6251295905729317
-9.319006037142998
0.4327267948470707
-0.12438732759162074
0.5852418859057363
0.5134721732576046
0.601015337633086
0.38753564494787224
0.46314563108937085
0.5340891277154528
-5.519784075699674
0.3356680537442724
0.4010353764842189
0.6142619942368734
0.5917162232266404
-10.0
0.43862851982721457
0.24023986106137554
0.6047389776223173
0.30694490306602734
0.15556008951467382
0.6617678974141927
0.5161047428342689
0.5752670351253796
0.4633960028533844
0.6344513829423734
0.44540314277660437
0.7467402049061703
0.008291130944922065
1.0
0.3127018694779423
-7.0782835408162486
0.2470894537645854
0.2619371619480404
0.5944012244612067
0.28727379344405407
0.4577968998631622
0.44593288691296895
0.42408200497205684
0.06464022970597405
0.5670412050183811
0.5849825115603569
0.5887710511516323
0.667529031929863
-5.420281179863689
0.5960956197267586
-10.0
0.6356056935447183
1.0
0.6245170728464136
0.6482623957346194
0.5509847439880187
0.21022273238144207
-1.2375059230796035
-0.20092100623436826
0.4717558281909843
0.3738777332766275
0.6609615155522622
0.8066194689494566
0.5985591580914862
0.6079668010816588
-0.1581477665871282
0.4158093372270111
0.21696523522239033
0.5714309199294049
0.518323878174661
0.5919194842075719
0.6542289318289497
0.8451918407607404
0.6117422215405283
0.39501273356933503
-2.95992985440334
0.24717300990885616
0.6442227488219102
0.440680737030957
0.048151066799702935
-6.123131977378963
0.2395143423675981
0.4110347322930431
0.14113894135531233
-0.6183543515645905
0.3195218071216936
0.6277070186703247
0.1687277757479516
0.31204609971702574
0.236123688944003
0.6511576419692698
1.0
0.5229779758914271
0.6248779001646234
0.5901095346021371
-8.148592255160551
0.5112765265420758
0.616945488576324
0.5388957518971252
1.0
1.0
-8.487748865569369
0.38070287915125206
0.5049521508904087
0.7884214408861034
0.20628207714745048
0.5496416854512753
0.5321451533510096
0.6704257758074746
-0.7812709461223318
0.18946874945336203
-0.352898688938325
-0.8709031580344002
0.13664122647963406
0.359836474325333
-7.890236796610156
1.0
0.3780724549690069
0.6116307238044674
0.2176142449083589
0.6419138527933124
0.5692865852296953
0.23947398041721982
1.0
0.2684736210721962
0.9833838114218778
-7.8099139250329594
0.11697168717481131
0.592279755381861
0.50314650590261
0.023429339945298777
0.5174520478186818
0.5376593342529692
0.4621208012796058
-7.0976408139445955
0.20873345189026726
0.19165165701442363
0.37137850823379087
0.4704431086657966
-4.215138602900645
0.0512041549706094
0.5690804149798633
0.13729512654863382
0.38535267374585214
0.1885024636430148
0.5567612947692024
-0.3762180072496226
0.3946283199646902
0.19992725113472817
0.45381591499527857
0.48198046407675327
0.6591126941936551
0.6491828559005498
0.3585399337160602
0.5932956780742207
0.5598767691819737
0.5774164032145574
0.5243985636111089
0.44431138812052773
0.3777661081572265
0.37258746016627176
0.5160216403189396
0.5210699360998413
0.7098251621948133
0.6497610739935069
0.638998451865803
-2.599663174125456
0.8001691755005355
0.2807887364783456
0.6181309659317743
-9.181533967158622
0.5901520128540623
-0.17332479912384344
0.498899219277282
0.6456151726525606
0.5800886991454585
0.362864623270068
-8.260186206956558
0.6026916623340685
0.6431074320617718
0.41069906060680894
-4.422462014113531
0.34332963497146185
0.5760623383378509
0.88938729910895
0.48517701653868406
-2.946033243235718
-6.303875417516827
-3.330241962104824
0.46572378004743187
0.6519996600486462
0.4302486566432351
0.1774932964443578
-5.903627071935354
0.3029451045650488
0.3124854468162071
0.0898447852737645
0.36061920943634235
1.0
0.48478965786173933
0.5720303967162343
0.473555065321806
-0.3403031381633089
0.6560398358524822
-1.7668869064737351
0.43465678031192656
-4.646493438255773
0.4639282583830556
0.6374804936717439
0.4161346185062138
0.5891939299738561
0.6082632044437162
0.6718777929863775
0.5506563865191436
0.1171966463635694
-0.23103723556543324
0.44618041866274694
0.5858733033464338
0.3151338103740078
0.24586920140611732
0.3468666267785535
0.16307453129796515
0.38339667329113875
0.3265403028345043
0.13010748768548122
0.5913198535666815
0.49074213385848375
0.7576076446876531
0.11515421577983427
0.5477160498258298
0.023856600418468474
-0.10201769745476025
0.10619369339337066
-0.5433588428317669
0.5613234132340427
0.4647073133424945
0.5931401101092594
0.7046702931884788
0.44593609122264066
0.6127266098484665
0.4563783785841451
0.32484383560362895
0.578052242121952
0.5641107451475483
0.47446687890401945
0.31906727420528214
0.6316269376326386
0.5826032418661373
-3.8467397210997767
-2.745767997140087
0.4069925410431926
0.37942911808797486
0.08020369745095218
-8.42036720455618
-9.196366676855918
0.6692485800182726
0.0042534967706247965
0.5525306079926691
0.5433452586328729
0.3492010267749325
0.5727989660142259
0.6522048205061056
0.1636721473700566
0.7073751760355429
0.5219907292071123
0.5975732886096425
0.10716984836448362
0.8882336694876263
0.5417083081011758
0.6904708454790105
0.35799371572514527
0.5712900133103772
0.5688788424313491
-2.330282540974601
0.24006558917442897
-2.923442634661254
-6.767940268745545
-0.6565937305415828
0.5704344098208233
0.32638518427173513
0.5443861802689852
-2.860994206596577
-0.1404386122438932
0.6714153680279753
0.5919857667404499
-4.953843461068155
0.21581763638071605
0.3531981970113279
0.5899045618296966
0.13545944372071772
-0.3619901890115845
0.29459110306542985
0.12354656197599384
0.34485332188777645
-6.981283380360232
-0.3303661550290349
0.639810045672838
0.6497259291075885
0.6473791194943767
0.4534471119604415
0.4506192975164024
0.5350897822358645
0.13237153973154514
0.5424212874976454
0.4070776109292086
0.25482457915239
0.6716507682827899
-4.921903952555237
0.2886711697635499
0.9596551570136805
1.0
0.49484086495697455
0.715747987187999
0.5971290518219986
0.5592587054882466
0.3131910308074522
1.0
0.49687887884304405
0.42581200011382103
0.492194401082318
-0.2632296477778675
0.4043284184073334
0.5351790857069476
0.1814216239736367
0.11323215436654022
0.48941764592618103
0.2955986793154934
-7.98828097935261
0.6451497645088868
0.6326232008789555
0.6711800900054767
-1.3981905890209394
0.35882457336920676
0.5555147854538979
0.6488465273317526
0.5484239476519575
-4.0418493209212585
0.11602303826152
0.6409910857117186
0.8051965572696166
0.22101433682127367
1.0
-7.069001424559906
0.6349109233267225
-1.1031314294587269
0.6026341850370465
0.368175555164199
-0.004935657161031504
0.7597508189202222
0.5920109423943466
0.31087153518287747
0.46440861370371955
0.512809528544076
-8.435167796457424
0.4968919241630651
0.5957203399139757
-1.4097743681811536
0.6431683772888268
0.35199134467428006
0.30994634071722205
0.11709062793609898
0.4524304584970314
0.3278986530919959
0.3396457605695576
-0.09640694056250887
0.6548678503801981
0.24284314175755242
-0.3007232365540469
0.5788874948883072
0.2816797943556829
0.30450328090770756
-8.535037914751218
0.6307923498138294
0.6345798810918177
0.16960635793445292
0.6122623305377646
0.5295155986343618
0.2120523417535844
0.5098772863054032
0.37851028824230476
0.6207566304741574
-0.2946444504497914
0.6041757028793671
0.2670157609104296
0.2946899666684768
0.755562737326499
0.2112514578132697
1.0
0.42263006401160824
0.28466171146830277
0.339666899566349
0.21489470724003965
0.598287541397975
0.6145086784415864
-7.093830201108143
0.5837525258953886
1.0
0.4008908033495463
1.0
0.3878375274185366
0.5742004445767099
0.9963246651891292
0.662059099974055
0.2963083645146498
0.4059695854640061
0.2633539361360054
0.6228492673886721
0.32295364752980416
0.20980803654935032
0.6017349099044433
0.7533900073999485
0.41388097403466884
0.29308452224257475
0.6348929528365982
0.39958045797584435
0.28318857221578564
0.5133116953396708
0.29636481481819965
0.37063590309671735
0.6328216731865511
0.47679617626024484
0.6381857791422728
0.4014045224256392
0.5214650472892685
-2.689919346994294
0.4491739755899132
-1.0382810446753077
0.5262766533662099
-5.631586205383509
-8.789905711407801
0.6518325928137814
0.5894335434692024
0.46848622898147574
0.3416518169345911
0.5147624118519981
0.39413301350486424
-6.353685330448023
-0.26945803089614917
0.15471506037873017
-6.901391078292871
0.2750323795385912
0.6905054583092053
-0.33172606082289297
0.5887762096726112
0.5869795911327848
0.24509256130933474
0.5351258753626956
0.5733273869453953
0.32475795558768566
0.5513536060199584
0.14835073391400316
0.12545744544452497
0.660430602023768
-8.477916252435238
-1.873016231218112
0.3273750141419387
-0.46388856542805673
0.48192959213279696
0.6235684858458796
-5.810429069688782
0.288467171907259
-0.5589861792375623
0.4718173474925862
0.4293976233265439
-4.088650731862545
0.3837200260154587
0.5377500118970071
0.21713717462936596
0.41646494371652726
0.38422705039396676
0.5727590995985284
0.2609139437340103
0.3965642564499599
0.548769997227327
0.43026383968067267
0.32275923606477547
0.5876460700275566
0.5834122946839104
0.6479739649976362
0.271320386858718
0.6089784699261095
1.0
0.5189044900406514
0.3472842339309524
0.2816606111643741
0.4846734571263918
0.6567204202350958
0.4831341276701196
0.6690814289193199
0.513183299992518
0.2608776828470583
0.31369913986930137
0.551786151473382
0.5211117343007341
-3.5969928836441185
0.6094026962374581
0.47165086559723257
-10.0
0.6508128602171488
-0.17033619970447
0.24353655268844154
0.6469419948189508
0.43185576820755706
0.5943958494240579
0.13352446700553422
0.6468126365181102
0.6623867651171981
0.4794523054552138
0.10650760643276472
0.5720052442285701
0.45085901401948864
0.4804872862266376
0.337896119889163
0.6501626363283647
0.36581996549514145
0.8883433080230426
0.2703299738205814
0.5235606304366062
-3.6904754128113386
0.06780926353442022
0.6754754986846028
0.45588878593404786
0.5304953563479237
0.48809778280067934
0.5711808211808653
0.2562522207687533
0.7619392477430229
-0.44312510044478215
0.7910837399894517
0.48069738507987797
0.936289744989934
0.43937528245740437
0.5172686857529125
1.0
0.30338626342029895
0.4727961139610256
0.42214328585065397
0.5610751903336605
0.5547089262680295
0.5432315056620677
0.599437356913575
-0.7515483265869952
0.47071568982221984
0.44351759012252984
0.5442631833532636
0.14207700352708236
-1.6398162784828905
-5.06462287448587
0.6250425174580019
0.5177953036019391
0.5059126004933517
0.21904164198311715
0.3506196127325899
0.3605825033117898
0.37030232113845163
0.3847167704783392
0.47362841422820445
0.6203561153573837
-1.787727609802106
0.4417822231061495
0.3301187278799059
-6.813846072173896
0.15437768920495767
0.21356323394733398
0.33659336053908945
0.3591554523229744
0.6247602066625634
0.5966915463286775
-0.3189681930295064
0.6171053360373796
0.633426489138726
0.321011027510083
0.38493041691554625
0.4840862264192468
-8.033778320469192
0.33030693119496113
-0.16884096585958286
0.10696448342690981
0.6672164749224201
0.14371721559194411
0.39516087866075
0.19146579902166122
0.2619371619480404
-0.6449035537933702
-1.956506397974842
-0.053640608339473705
0.48723615043341056
0.3691442625624611
0.4155086470521052
0.37580689588442046
0.4444654724913242
-0.23061844586334512
0.11341398172626274
0.6034616265127446
0.5016170623348589
0.46327565626773964
0.30789885431955943
0.5786257566126847
0.5999100217403024
0.29776079903213193
0.6173718692928348
0.5901352658126782
0.5142893323900551
0.6557992201533739
0.6345149011958234
0.5665933772977051
0.9996185399875561
0.45227818730033087
0.19953020924103038
0.5039740316227422
0.24153503680953065
0.4490096408625288
0.6454059790592003
0.2661155727015777
-3.589473035078827
0.10413475198503452
0.31239189447419824
-0.8817098100289623
0.36731142255718385
0.6431166822777657
-8.58777037499676
0.7040877990708043
0.4917212165558842
0.3467589508472642
-2.2808871461257456
0.3667658727607022
-4.4815597481474185
0.5693875870184333
-8.140461111506612
0.4170578605788893
0.6372908586438486
0.5703843687183415
0.5389046727719833
0.4920845658703753
-2.3893467337553616
0.6367983005503786
0.13174747071603599
0.16008279701912817
0.6521680575463144
0.3940772684194196
0.5225576084234856
0.6218740464621774
0.3464263735233666
-0.04641575202456805
0.6381544078620187
0.6778809655705363
0.5970017744916558
0.8644194970792911
0.1168596375142668
0.23364909670410344
-2.8253272052362886
0.4089527543485912
0.3097088525232262
-0.25581411319865177
0.6906727013397181
-2.5304061946226293
0.2088893177606947
0.44093175260943246
0.34417908302066097
0.6443152259349842
0.2574579899467018
-5.678785509035607
-0.9058931106120363
0.5886361932703098
0.3613749737848609
0.4798487314167283
0.6128519385122028
-0.6281617139946398
-7.260454308419122
-0.3549962105564788
0.5892571738848771
0.5981575936453181
0.6259102671519289
0.15288578604928918
0.22827641136297
-3.5480956906338386
0.6006152491947281
0.30973850903675265
0.31381906474193866
0.5796517656348943
0.35585165783804346
0.6178428586912416
0.6259124582156533
0.5779520293408199
0.41574215821113536
-7.206661622034709
0.05717857916106678
0.24308617913026756
0.506772197141254
0.5718304204767949
0.45466438472472903
0.48357492475831315
0.3094409384767909
0.6287867330405209
0.5174185678685204
0.2566399654246313
0.47767427216095526
-3.9875448366843402
0.6072027720785694
0.09832105579123314
-4.171955152052674
0.551394143097344
0.5054813334646644
0.9334239321454207
0.5910197965519066
0.1956238446187244
0.13024490859513713
0.529605488919583
0.604961640011213
0.5027264441872166
0.30658939167570964
0.4990253639917655
-2.089539946235771
0.5341795766998102
0.5179745044385055
0.9221554692106495
0.3430140163373596
1.0
0.6389561079142565
0.28542259920884766
0.5712289538161984
0.6489553179665866
0.12720992223314398
0.8662953501978943
0.5956979231121995
0.5098839562869917
0.5413318894819348
0.5774465061500831
0.21285531595029702
0.2316417702793478
0.34510202086111214
0.057455967997372126
0.6409538868896804
0.4915210008300739
0.4339244007368374
-1.6675567864453549
0.5593719457606336
0.3496182565703179
0.6080164618755375
-2.1196042978585403
0.4912594765404307
-7.012962833654209
0.5974984652794362
0.1936459473584745
0.517333812237124
0.7409606012194944
0.3791920105488558
0.6254102842949752
1.0
0.563158352432732
0.8833141007919402
0.5314232022008073
0.9014781988209033
0.532067251318193
0.3768528349995083
0.459170017576742
0.353658110994956
-6.016818577685675
0.9778936255176586
0.3805048533665782
0.5469939934580986
0.46783779843559165
0.09225567816254665
-4.100937257576855
-0.6125604804758126
-2.7525300451364365
0.51280737954529
0.6952139641307191
0.20715685220739213
0.10636231703815731
0.49698930424353327
0.24351741414352535
0.2831673486775986
0.5291697341179277
0.6359512455082139
0.19268327105646846
0.7470737308528186
0.4769429772319353
0.30103302304965396
0.3778837874357942
0.40467442360400974
0.7413460050081633
0.4699929007055734
0.4575891091735386
-3.990272505006699
0.43062722829410355
0.5711098587097545
-0.34772195881324897
-1.4960192789436628
0.45370747301588055
0.41521954495732516
0.5196067245436633
0.7505202218476541
0.6217986539616733
0.5843288552076598
0.4860125819902352
0.6314266933642363
-1.881007016610428
0.46994742441382326
0.16258649614302956
0.3031962017630464
0.35549279290071356
0.40389464796610464
-4.894676327347412
0.6264507155597141
0.4892059500360006
0.6433819025289301
0.28946132574849015
0.5471606606117072
0.45467501727778564
0.81932640969271
1.0
0.5602565832484296
0.585693167769402
0.5171283541884304
-0.807073508350671
0.28541759047382126
0.26682356623479253
0.6203183064137037
0.5931490674924682
0.6344572721502417
0.30468532766787376
0.4471342748287389
0.4250664310425935
0.5954599830657415
0.3842794154941479
1.0
0.8987016023724249
0.6508987817058368
0.5890852893931031
-4.940398664734304
0.5722142495402007
0.4443835294629447
1.0
-1.1647005799236623
-9.333177707865243
0.18356986012264098
0.48012718528973375
0.47022887696813676
0.46098985385466773
0.44392554399597317
0.5870617065549248
-0.6778065764735433
0.4370061244320029
0.3246177414542982
-0.013749683682409405
0.5621628937845187
0.5650533318286789
0.811361561395969
0.7937692965401416
0.6734195950810661
0.18028287074211552
0.46951049298839126
0.5004689320699225
0.5692392699916956
0.5952487401781903
0.3664524781933972
0.43171128053370644
-4.684062216985959
0.6403529997146716
0.6171534882659669
0.1328145514287508
0.33397589000633404
-3.5236506930758043
0.5937904341304502
0.13058194062093553
0.6672220446274487
0.49496600361010507
-0.5870737873040126
-0.041850950494946415
0.6011266681079934
0.5225137342631038
0.32665811413054635
0.3916686972124934
0.6286372710898608
0.4544097611453937
0.20028452467961194
-1.827483293865263
0.3923429686568383
0.41618521364598915
0.5873579449232065
0.30569253398483137
0.4509477715802833
0.5736449749016483
0.35086835073713457
0.4776288821233371
-1.0164918582087867
0.32446598990889725
0.49622214606134357
0.25296079007452743
0.6325897953854863
0.6334930831143932
0.3880066805921174
0.24074850809683246
0.6808853442809056
-1.9952947925072457
-1.6693787307441597
0.5889752062646779
0.2844559313286069
0.41701406434761135
0.3148727164316577
0.5441777083272973
0.3234011418032572
0.4779092827790086
-2.3918416536600033
-0.22636104375257426
0.3184228947258787
0.5277259224672787
0.6013212886475698
0.5238053830612769
0.3590088383240619
0.5554785004085332
0.28169469974071804
0.6915476238093496
0.4722343066223246
0.46114558811265355
0.6138677067881868
-0.20543095043329443
0.6021801266958494
0.29893168813411847
0.2762013459504007
0.3989301729090991
0.5518963009639127
0.4341561189691636
-2.7989268998278316
0.6306340666577905
0.6800059910417618
-2.625474340908374
0.4771659390728329
0.26451608987940606
0.6210058642116801
0.1785631316166778
0.19877490360081101
-5.378301249009418
0.5767561196635141
-1.2436232420263371
0.5702170310355327
0.48965718693691485
0.16944269478238191
0.18791235699595552
-9.712133627015652
0.09322532134629857
-0.04179357918161092
0.5282634266996101
0.6214500290018888
0.19435377855323052
0.11590303093106306
0.6850030807787466
-10.0
0.5964486254811169
-8.488774950722282
0.6524539310399124
0.47256508166753197
0.6170974706962852
0.13799689597188364
0.8492405069161469
0.28375095209854767
0.43445994992833525
0.45904125811779517
0.516007107631135
0.580622889663938
0.34744543015057583
1.0
0.5733958836434274
-4.147313671702081
-9.1005269333658
-4.426494718161275
0.5370063442384411
0.5925376119789396
0.21036162593375585
0.2464857274978097
0.6728263978232581
0.2509139052650493
0.2601441126701767
0.5935120369509684
0.5089015851833335
0.27578306864284036
0.4113465975726274
0.6094841390589169
-0.47336886853407506
0.42922881111532935
0.3166786802477813
0.5304803242016661
0.6131871220356873
0.5117400190195319
0.5200343548388764
0.9048673210884828
0.5352123677402136
0.24728973989583938
0.365550534606672
0.2760121996188495
0.24488089955042988
0.5282360494254446
0.4861946399754618
0.5601118961127113
0.9370101087306152
0.8711803397653263
0.22477472222080785
-0.24195886288934804
0.4783987947879965
-0.05596908741204956
0.5014594787547021
0.15360425809259354
-2.116112610380433
0.532433115605866
0.4934096177934945
0.5760422437139123
0.5008927201097128
0.2892428373682037
0.4958708317016806
0.6560757636066212
0.18864595030121095
0.42470351199045914
0.4458957836552031
-0.5953250058179506
0.16990193767377565
0.1716609472846593
0.3645326628051313
0.3052084004636303
0.32590401870202834
1.0
0.1487130844656049
0.562047510612279
0.6027763984224104
0.20809710290572772
0.7124966607746421
0.6324875824855608
0.2597949883745079
0.15585419846942955
0.5157464844464147
0.25770785294894555
-0.4783408183828516
0.48531635792886835
0.6312879618921047
0.11774198256289727
0.42109982730763174
0.42419814594200217
0.5949288403573817
0.4260547493738107
0.6174999475142785
0.4457216179335727
0.3652720700325033
-1.9915865711312954
0.29956466478318033
0.731013056625502
0.47127316835385474
0.48062329544508997
-3.7490919007434336
-8.994632559209357
-0.10050219865854673
-0.4453359440775587
0.663568798642027
0.6598725116094395
0.5737286806944826
-7.5035507391758465
0.3963061424526624
-9.195355464980988
0.28255495826640775
0.15816261707087176
0.6506111070274805
0.6182672675211762
1.0
0.40823179958326056
0.4783772964070175
0.5712836536220208
0.3969166677866999
0.4687448783187338
1.0
0.19603365498075062
-8.126272559008878
0.5421037474379244
0.3999398039151038
0.592443423791971
0.43697896495034116
0.46507254935464126
0.10007599285685471
0.1001573567361726
0.44974764840259374
-0.9770950619078833
0.5010269326487108
0.5682471338186504
0.5729818496011875
0.40845754670303813
0.43098091860728954
0.8748234577211312
0.49964812789274765
-0.775368742417265
0.3445813779127464
0.4156770655855963
-2.5195971441921476
0.5164055140216807
0.2391559899868766
-0.581123926752658
0.29129530996845177
0.49302325417297727
-3.4907625125628545
-2.025216268897744
0.6636843012202284
0.3694071920389171
0.550603626849545
0.4289348117028735
0.4248052824521939
-6.69912206247872
0.47380681220265564
0.31886323853330933
0.5772561358313804
0.5621753148901615
0.6046659112216086
-0.5777528378695911
0.595503373554666
0.5939988512339343
0.35337616679697387
0.2950479741042857
0.6839537690097995
0.6357298469668552
-7.372407920507152
0.6663747393086558
-0.15616360161126341
0.571966938413213
0.5652871033642776
0.5431561356927401
0.6000038153530612
0.33510620101556493
-0.06385950656612299
0.34364540897584794
0.375342127942431
0.5442372658157681
-0.11369265594084194
0.3547033501321599
0.5795250510468023
0.5565842617745316
0.6907028722204386
0.41135940325249837
-0.6330477890052525
-3.151121764841254
0.23370168185860093
0.011737176008814618
0.6330356497696684
0.45961192573778736
0.48050642552542067
0.29478376937676193
0.6021518572166356
0.3585257783169856
